100 1 3

3 6 10 

0 0
0 176.63 34.14 70.19 12.58 74.55 82.81 173.81 71.61 43.43 106.98 78.7 117.57 92.08 99.3 104.81 53.43 158.74 83.36 98.93 52.81 144.27 180.96 131.77 101.65 44.46 111.22 177.64 100.47 103.39 124.66 123.97 86.34 174.48 102.8 56.67 80.56 116.5 113.95 151.87 45.98 130.91 98.63 91.65 163.16 79.62 118.12 170.41 147.01 24.72 110.29 72.26 86.17 158.78 122.23 23.21 88.82 182.79 31.69 87.08 44.44 87.14 125.28 154.15 71.19 111.56 97.79 177.32 152.58 102.08 190.74 118.37 164.06 196.37 119.69 208.22 157.12 65.57 60.15 96.53 121.42 110.65 94.07 87.01 74.67 156.11 135.85 95.84 141.96 88.46 149.54 98.26 132.74 67.48 150.42 181.02 113.91 132.86 179.84 199 
176.63 0 157.09 145.18 187.7 155.26 107.56 50.88 107.9 163.38 80.04 134.33 64.96 85.44 86.87 74.52 124.87 46.33 93.3 151.48 140.2 50.55 81.25 45.29 86.83 136.73 77.52 98.97 85.93 83.15 57.82 115.11 94.48 94.67 81.12 165.1 99.92 63.29 120.4 30.56 188.17 64.25 95.49 115 99.22 131.99 101.19 61.36 131.9 175.38 76.94 158.87 91.3 147.32 60.08 155.5 106.75 24.3 173.26 89.77 132.72 89.79 58.5 73.14 122.69 129.56 123.94 1.27 75.97 141.45 27.67 86.08 84.32 20.68 57.29 37.57 25.49 118.87 153.16 118.59 56.08 89.45 166.83 165.07 119.22 32.02 71.99 137.55 84.29 88.84 32.83 82.51 97.54 114.13 106.24 41.64 63.02 56.8 39 59.28 
34.14 157.09 0 84.7 38.43 92.76 81.3 146.65 49.28 65.9 80.92 44.75 105.44 78.24 73.17 91.87 34.07 132.54 67.59 65.36 62.99 118.55 176.23 114.36 74.74 21.28 103.09 176.67 74.31 77.32 111.7 90.53 77.3 172.87 77.85 26.67 72.2 102.75 80.28 129.57 77.05 104.09 69.7 59.32 130.84 89.19 86.1 162.34 155.16 54.21 101.6 39.89 66.39 124.65 109.44 35.32 58.7 159.49 16.3 68.81 30.19 68.58 101.34 124.39 40.1 77.5 105.3 157.59 147.94 114.99 167.39 114.82 133.04 175.63 100.08 185.34 135.04 64.54 26.64 63.4 101.03 107.24 62.51 55.43 77.44 141.53 107.03 61.7 111.14 74.57 127.15 74.96 133.24 63.17 152.63 168.7 97.19 107.5 154.33 171.6 
70.19 145.18 84.7 0 81.89 11.75 38.41 162.83 76.48 29.44 104.98 112.96 80.37 67.89 99.89 73.33 67.61 146.71 67.86 140.78 22.08 133.05 122.15 102.38 103.53 73.02 67.8 114.37 100.78 102.5 87.38 145.73 55.29 112.07 99.23 110.99 51.76 82.98 139.06 130.32 49.59 125.26 107.12 113.57 173.4 14.35 132.96 117.31 77.47 50.47 68.26 121.24 77.51 188.91 85.17 51.37 103.91 159.89 94.2 74.73 61.75 75.39 112.96 154.33 95.63 141.43 31.14 146.23 95.77 31.91 167.18 64.62 168.03 165.8 98.18 181.94 134.22 35.34 107.14 121.08 101.3 58.45 143.49 136.82 27.3 116.51 135.48 131.17 147.87 66.25 128.57 92.22 70.65 41.57 85.07 134.33 87.53 122.69 163.29 186.37 
12.58 187.7 38.43 81.89 0 85.48 95.36 182.77 81.4 54.11 116.1 82.81 129.55 103.71 108.34 116.64 63.42 168.01 94.63 100.11 65.22 153.67 193.52 143.09 110.44 53.12 123.54 190.21 109.51 112.48 136.58 128.85 98.47 187.05 112.23 56.23 92.71 128.29 118.48 162.26 52 139.88 106.61 97.67 169.24 91.82 124.42 182.84 159.04 33.71 122.57 72.62 96.74 161.2 134.16 35.74 96.19 193.01 30.25 97.95 55.01 97.96 135.14 161.92 77.92 115.17 110.07 188.35 165.13 113.7 200.96 130.92 171.12 207.23 130.55 218.59 167.58 78.08 62.09 101.82 132.13 123.2 93.21 86.31 87.24 167.93 144.03 98.81 149.12 100.06 159.9 108.12 145.29 79.83 162.9 193.14 125.26 142.33 189.4 207.91 
74.55 155.26 92.76 11.75 85.48 0 49.48 174.24 87.91 31.38 116.73 123.36 90.74 79.45 111.62 84.39 78.25 158.14 79.61 150.88 31.93 144.57 127.36 113.12 115.25 82.75 77.74 117.97 112.51 114.24 97.6 157.13 66.77 116.08 110.98 119.33 63.4 93.67 150.28 141.34 46.2 136.95 118.74 124.74 185.14 23.27 144.53 124.21 77 52.41 78.37 130.4 89.26 200.1 95.46 58.19 115.3 170.62 100.91 86.48 71.8 87.14 124.54 166.05 106.41 152.41 36.11 156.33 102.08 30.18 177.82 72.71 179.77 175.81 109.5 192.26 145.13 47.06 116.28 132.2 112.66 67.17 152.87 146.08 38.73 125.92 147.21 141.71 159.61 77.89 139.65 103.97 75.78 53.3 88.15 142.35 98.7 134.29 174.42 197.62 
82.81 107.56 81.3 38.41 95.36 49.48 0 124.91 51.07 57.06 71.1 93.87 42.61 31.13 67.49 34.94 51.55 108.86 34.65 122.25 34.45 95.53 98.18 64.06 71.16 62.43 31.44 96.1 68.15 69.24 49.85 117.21 18.3 92.58 65.4 103.7 17.07 44.74 112.47 91.92 81.59 89.05 76.89 88.31 139.54 27.31 102.65 88.17 76.67 72.79 31.36 109.08 45.06 161.57 47.53 59.63 76.99 121.54 95.5 41.28 51.44 42.05 75.84 118.44 74.89 116.79 31.29 108.56 69.78 48.57 128.89 35.57 132.66 128.23 60.11 143.92 95.82 17.52 96.06 96.06 63.31 27.85 129.11 123.32 11.67 80.34 100.12 110.19 113.69 30.46 90.2 58.35 52 18.23 71.34 101.4 49.22 85.63 124.95 148.15 
173.81 50.88 146.65 162.83 182.77 174.24 124.91 0 102.5 173.23 66.83 111.94 88.1 95.14 74.52 90.46 120.64 16.16 97.76 120.6 151.2 30.46 129.9 65.24 72.34 129.69 102.13 146.1 73.35 70.42 83.41 78.41 107.56 141.52 71.23 146.29 111.45 83.35 86.8 36.73 197.09 42.92 77.06 91.91 50.88 152.1 69.29 109.08 170.77 179.66 100.59 135.7 90.69 101.32 84.65 156.59 88.49 29.89 161.42 91.64 130.1 91.23 50.82 29.45 107.09 95.89 149.79 49.98 118.7 168.54 33.87 116.77 35.73 52.62 64.82 49.18 35.88 129.96 134.36 92.29 61.61 117.04 137.18 137.4 135.55 73.9 40.64 108.49 44.61 97.23 37.43 76.57 134.15 123.98 147.4 92.01 76 41.77 14.16 25.21 
71.61 107.9 49.28 76.48 81.4 87.91 51.07 102.5 0 75.65 35.86 43.57 59.14 32.8 28.49 45.81 18.2 87.21 21.84 71.59 57.5 72.71 133.02 65.25 31.42 28.93 60.52 136.82 29.64 32.38 64.54 69.25 37.78 132.54 31.3 62.07 35.15 55.44 62.92 81.1 97.46 59.77 31.81 37.81 99.69 72.47 56.95 116.94 126.88 78.05 58.61 62.38 17.37 112.71 62.49 54.4 27.46 111.66 65.54 20.5 27.6 20.09 53.76 85.29 24.62 66.26 81.97 108.43 105.77 97.76 119.61 75.97 97.09 126.72 50.81 137.33 86.48 42.04 51.59 45.53 51.82 69.38 80.03 74.93 54.68 92.97 66.26 59.17 75.4 29.63 78.7 26.73 97.29 36.44 117.26 120.75 48.5 61.27 108.23 127.7 
43.43 163.38 65.9 29.44 54.11 31.38 57.06 173.23 75.65 0 109.63 102.77 98.97 79.68 103.11 88.97 61.07 157.16 75.5 128.52 23.19 142.78 149.81 118.6 106.42 61.15 88.5 143.16 104.18 106.52 106.34 142.11 69.07 140.64 104.21 92.44 63.9 100.11 133.82 144.22 24.79 132.4 107.4 108.55 175.31 42.08 131.8 143.11 106.68 21.27 88.36 105.32 83 182.74 103.94 30.67 101.18 175.01 71.57 81.64 52.32 82.09 122.42 159.96 88.32 134.26 60.12 164.31 122.56 60.34 182.69 89.61 172.43 184.01 110.87 198.72 148.78 44.71 91.41 115.35 113.55 82.55 128.04 121.02 45.78 137.3 140.78 121.35 150.95 76.93 142.18 97.8 98.81 50.04 114.18 158.1 101.77 131.63 175.94 197.86 
106.98 80.04 80.92 104.98 116.1 116.73 71.1 66.83 35.86 109.63 0 54.5 53.91 40.73 7.79 45.63 53.88 51.93 37.25 74.9 89.25 37.7 125.48 46.02 6.8 62.98 63.14 134.29 6.63 3.63 55.42 50.77 53 129.6 5.77 85.37 54.46 48.09 50.14 50.31 132.46 23.96 15.96 36.05 68.64 97.37 34.53 106.17 137.92 113.74 60.96 78.91 27.52 94.47 54.49 90.23 26.74 78.93 96.41 30.35 63.43 29.66 21.61 50.35 43.26 57.73 101.4 80.28 102.02 119.49 86.75 81.11 63.31 96.69 30.42 104.81 55.81 69.8 73.34 41.24 28.94 77.08 88.8 86.17 79.17 74.43 31.17 60.52 42.93 40.7 47.89 12.84 103.13 63.53 121.83 102.96 37.01 26.59 73.5 92.03 
78.7 134.33 44.75 112.96 82.81 123.36 93.87 111.94 43.57 102.77 54.5 0 99.24 75.07 48.45 86.85 45.47 100.15 64.7 28.46 91.44 87.95 173.78 98.66 47.78 41.66 103 179.17 49.19 51.69 103.33 46.23 81.33 174.76 54.56 34.71 78.6 94.51 35.71 104.16 118.79 72.66 38.85 20.17 87.85 112.19 44.82 156.18 170.24 96.19 100.97 24.61 57.06 80.9 101.66 73.53 27.86 130.62 54.85 61.32 51.7 60.65 75.86 85.97 19.04 32.91 123.99 134.52 147.51 138.38 138.1 119.19 92.14 150.09 82.71 156.14 109.58 82.03 23.32 20.59 82.12 112.8 36.96 32.78 95.64 127.51 71.33 18.6 71.24 72.35 101.78 55.94 140.74 77.47 160.69 156.12 85.19 78.59 122.07 135.71 
117.57 64.96 105.44 80.37 129.55 90.74 42.61 88.1 59.14 98.97 53.91 99.24 0 27.21 55.3 13.59 71.38 72.88 38.1 124.65 75.86 61.87 74.56 23.22 58.03 84.18 14.09 81.01 55.21 54.32 7.39 104.59 31.46 76.42 50 121.17 37.24 5.99 103.81 52.39 123.71 61.16 67.22 85.51 114.22 67.55 88.25 57.8 86.91 112.55 12.77 120.77 42.67 147.72 4.97 94.99 73.75 80.14 121.51 38.81 76.71 39.34 46.09 89.09 81.85 110.86 62.16 65.98 48.82 80.75 87.17 29.88 103.97 85.63 27.42 101.58 55.4 55.11 110.67 92.3 30.67 29 136.11 131.92 54.27 38.93 73.77 110.58 89.33 30.88 51.12 45.33 50.6 51.19 68.36 63.79 17.16 54.86 85.58 109.36 
92.08 85.44 78.24 67.89 103.71 79.45 31.13 95.14 32.8 79.68 40.73 75.07 27.21 0 38.34 13.63 44.18 78.99 11.09 102.02 56.85 65.18 100.26 40.17 41.88 56.98 27.95 104.24 38.79 39.35 33.55 89.36 12.87 99.91 35.21 94.43 16.33 24.8 86.16 64.55 104.27 57.95 49.14 64.31 108.67 58.25 73.91 84.67 99.04 90.05 25.96 95.13 18.45 133.76 31.25 70.26 52.34 95.37 94.35 14.02 49.86 14.77 45.1 87.32 56.72 91.84 60.72 86.24 72.99 78.97 103.1 44.49 101.54 105.73 31.25 119.47 69.13 35.24 84.29 71.77 34.07 38.8 111.98 107.25 40.76 64.34 69.02 88.55 82.81 3.72 62.53 28.39 66.49 29.64 86.23 90.65 22.51 54.85 96.6 119.12 
99.3 86.87 73.17 99.89 108.34 111.62 67.49 74.52 28.49 103.11 7.79 48.45 55.3 38.34 0 45.45 46.34 59.7 32.95 70.62 83.28 45.48 128.45 50.53 3.69 55.23 63.04 136.25 1.18 4.17 57.78 51.12 49.83 131.63 6.14 78.26 50.52 49.75 48.84 57.53 125.6 31.61 11.94 31.25 73.55 93.06 35.58 109.69 136.98 106.52 60.86 72.56 22.66 95.46 56.55 82.88 20.64 86.54 88.71 26.22 55.95 25.45 28.8 56.99 35.94 55.59 98.34 87.17 104 116.05 94.39 80.87 69.36 103.95 34.59 112.42 63.04 64.57 66.3 37.37 33.75 76.21 83.76 80.69 74.75 79.3 37.87 56.29 48.26 37.62 55.1 10.32 103.04 58.33 122.19 107.92 39.13 34.34 81.28 99.71 
104.81 74.52 91.87 73.33 116.64 84.39 34.94 90.46 45.81 88.97 45.63 86.85 13.59 13.63 45.45 0 57.8 74.56 24.54 112.98 65.8 61.86 87.35 29.69 48.59 70.6 17.62 92.45 45.58 45.27 20.06 96.15 19.97 87.98 40.88 107.75 25.47 11.73 94.27 56.99 113.75 57.8 57.15 74.31 110.44 61.79 80.08 71.22 92.36 101.15 15.43 107.8 29.85 140.08 17.71 82.54 62.37 86.84 107.96 25.76 63.3 26.35 43.31 86.94 69.02 100.75 60.13 75.41 60.66 78.91 94.31 35.53 101.65 95.09 25.85 109.88 60.95 44.37 97.39 81.42 29.21 31.62 123.81 119.38 46.22 51.31 69.92 99.14 84.85 17.31 55.27 35.14 57.65 39.7 76.76 77.14 14.47 52.93 90.03 113.32 
53.43 124.87 34.07 67.61 63.42 78.25 51.55 120.64 18.2 61.07 53.88 45.47 71.38 44.18 46.34 57.8 0 105.4 33.57 73.62 46.43 90.9 142.88 81.09 49 12.81 69.57 144.44 47.51 50.34 77.64 81.09 44.09 140.45 49.46 52.66 39.48 68.71 73.11 98.86 81.26 77.83 47.72 47.64 115.2 66.94 70.98 128.45 127.99 60.83 67.97 57.64 33.58 122.57 75.38 36.85 40.28 129.6 50.22 35.37 9.72 35.25 71.88 102.6 28.21 74.41 79.86 125.47 114.8 93.27 137.55 82.52 113.79 144.08 67.59 155.18 104.19 37.36 44.52 54.69 68.96 75.18 78.38 72.27 51.14 107.71 83.77 63.57 91.82 40.5 96.49 44.84 102.26 33.72 122.07 134.68 63.6 79.46 126.42 145.83 
158.74 46.33 132.54 146.71 168.01 158.14 108.86 16.16 87.21 157.16 51.93 100.15 72.88 78.99 59.7 74.56 105.4 0 81.68 111.77 135.07 14.58 120.48 50.48 57.83 114.9 86.82 135.52 58.53 55.55 68.65 71.65 91.43 130.84 55.95 133.93 95.3 67.9 78.66 23.74 181.1 28.49 63.52 79.98 53.3 136.08 59.98 99.4 157.04 163.91 85.2 124.41 74.82 101.05 69.7 141.03 75.2 32.13 147.67 75.63 114.75 75.24 34.78 26.81 93.54 87.92 134.18 45.77 106.68 152.95 38.81 102.04 38.84 54.4 48.82 56.48 24.9 113.81 121.88 81.38 45.56 101.88 128.04 127.56 119.44 63.23 29.75 98.82 38.88 81.07 23.7 60.95 120.26 107.84 134.48 84.88 60.11 26.03 22.04 40.83 
83.36 93.3 67.59 67.86 94.63 79.61 34.65 97.76 21.84 75.5 37.25 64.7 38.1 11.09 32.95 24.54 33.57 81.68 0 92.11 53.6 67.33 111.32 48.46 36.63 46.32 38.69 115 33.68 35.01 44.13 82.71 17.82 110.72 31.49 83.35 17.61 35.16 78.49 70 99.56 57.82 42.32 55.38 105.87 60.22 68.01 95.71 107.35 83.6 36.77 84.22 10.42 127.14 41.91 62.41 43.58 101.13 83.78 6.9 40.01 7.6 46.94 86.58 46.08 83.48 65.76 94.01 83.95 83.2 108.99 54.5 100.18 113.2 36.84 125.93 74.96 32.99 73.23 63.01 39.03 48.24 101.49 96.59 41.96 74.25 67.64 78.95 80.18 7.79 67.81 24.43 76.16 26.77 96.06 101.12 30.65 56.28 100.73 122.38 
98.93 151.48 65.36 140.78 100.11 150.88 122.25 120.6 71.59 128.52 74.9 28.46 124.65 102.02 70.62 112.98 73.62 111.77 92.11 0 119.01 101.98 198.77 120.84 68.85 68.27 129.74 205.38 71.06 72.92 127.97 43.46 109.19 200.88 76.63 44.29 106.73 119.51 33.89 120.93 142.24 87.36 59.15 39.42 84.94 140.5 51.8 180.28 198.45 119.38 127.65 27.72 83.66 61.86 126.54 98.32 50.92 143.7 69.95 88.05 79.1 87.33 94.52 91.86 47.37 25.16 152.45 151.46 173.38 166.76 150.58 146.45 93.57 164.95 105.02 168.12 126.05 110.45 38.82 33.69 103.8 140.34 16.71 18.9 124.08 149.32 82.05 14.38 76.33 99.56 118.71 79.73 168.26 105.93 188.13 177.82 109.41 94.7 132.65 142.02 
52.81 140.2 62.99 22.08 65.22 31.93 34.45 151.2 57.5 23.19 89.25 91.44 75.86 56.85 83.28 65.8 46.43 135.07 53.6 119.01 0 120.83 130.22 95.45 86.77 51.02 65.77 125.46 84.28 86.37 83.24 126.27 45.93 122.51 83.64 89.09 40.87 76.93 118.99 121.36 47.97 111.22 89.07 93.41 156.54 27.3 114.44 121.93 94.86 38.72 65.51 99.16 61.97 168.71 80.83 31.35 84.51 152.03 73.44 60.08 39.91 60.6 100.45 139.48 74.63 120.77 45.13 141.13 102.3 52.16 159.67 68.53 152.51 160.83 88.09 175.6 125.83 21.66 85.07 100.75 90.86 61.13 121.44 114.75 23.81 114.35 120.34 109.8 131.52 54.27 119.36 76.93 80.54 27.31 97.73 135.83 78.74 109.86 153.37 175.6 
144.27 50.55 118.55 133.05 153.67 144.57 95.53 30.46 72.71 142.78 37.7 87.95 61.87 65.18 45.48 61.86 90.9 14.58 67.33 101.98 120.83 0 116.97 41 43.84 100.57 75.43 130.51 44.32 41.32 58.62 64.57 77.8 125.76 41.49 121.12 81.43 56.47 70.04 21.3 166.63 15.3 50.25 67.87 55.75 122.83 50.86 95.94 147.82 149.34 73.66 112.46 60.28 99.13 59.3 126.46 62.01 42.67 133.88 61.18 100.22 60.77 20.39 28.72 80.03 79.26 121.91 50.33 100.21 140.71 50.18 91.61 43.29 63.01 36.05 68.26 25.37 99.71 109.03 70.15 32.66 90.66 117.83 116.77 105.84 59.65 21.51 88.45 35.22 67.07 19.78 46.37 111.01 93.67 126.52 84.6 47.6 11.46 35.81 55.38 
180.96 81.25 176.23 122.15 193.52 127.36 98.18 129.9 133.02 149.81 125.48 173.78 74.56 100.26 128.45 87.35 142.88 120.48 111.32 198.77 130.22 116.97 0 80.73 130.69 155.46 73.32 19.71 128.16 126.72 70.8 174.25 98.95 16.94 122.66 194.55 104.05 79.36 175.37 97.23 171.74 124.11 140.28 159.41 172.46 108.16 157.99 21.11 67.92 168.72 74.98 195.14 117.1 214.51 72.27 157.8 147.87 105.54 191.61 113.09 146.2 113.67 110.67 145.19 156.31 183.2 91.45 82.42 28.49 101.17 108.03 62.63 158.9 92.87 95.25 111.39 95.61 115.58 184.55 165.82 97.29 70.38 210.62 206.47 106.77 57.48 136.01 184.55 151.41 103.6 97.96 119.05 51.63 114.71 43.14 40.77 89.4 115.98 119.69 140.46 
131.77 45.29 114.36 102.38 143.09 113.12 64.06 65.24 65.25 118.6 46.02 98.66 23.22 40.17 50.53 29.69 81.09 50.48 48.46 120.84 95.45 41 80.73 0 52.01 93.42 37.29 91.83 49.96 47.94 18.2 93.54 49.54 87.06 44.42 125.71 54.83 19.46 95.05 29.19 143.37 44.21 61.7 81.66 95.82 90.1 77.31 60.67 106.95 130.12 35.97 122.22 47.98 134.26 19.43 110.33 71.09 57.52 130.65 45.72 88.34 45.88 30.06 69.41 83.81 103.21 85.38 46.1 60.37 103.96 64.83 51.59 84.18 65.67 15.97 80.2 32.26 73.94 114.25 87.22 17.09 51.91 134.28 131.15 75.57 28.85 56.66 106.46 72.41 43.6 28 42.92 70.12 69 85.59 57.46 17.87 36.55 62.36 86.14 
101.65 86.83 74.74 103.53 110.44 115.25 71.16 72.34 31.42 106.42 6.8 47.78 58.03 41.88 3.69 48.59 49 57.83 36.63 68.85 86.77 43.84 130.69 52.01 0 57.38 66.2 138.87 3.1 4.08 60.19 47.73 53.47 134.22 8.08 78.61 54.21 52.39 45.84 57.09 128.75 29.47 9.71 29.69 69.95 96.75 32.04 111.69 140.36 109.45 64.01 72.15 26.34 92 59.06 85.7 19.98 85.48 90.06 29.89 58.67 29.13 28.4 53.89 36.59 52.88 101.99 87.08 106.59 119.73 93.28 84.08 66.01 103.44 36.18 111.35 62.59 68.19 66.57 35.32 35.02 79.55 82.42 79.63 78.44 80.63 34.86 54.48 44.76 41.24 54.67 13.64 106.23 61.96 125.27 109.22 41.57 32.97 79.59 97.48 
44.46 136.73 21.28 73.02 53.12 82.75 62.43 129.69 28.93 61.15 62.98 41.66 84.18 56.98 55.23 70.6 12.81 114.9 46.32 68.27 51.02 100.57 155.46 93.42 57.38 0 82.19 156.6 56.4 59.36 90.42 82.73 56.55 152.68 59.19 41.31 51.69 81.48 73.64 109.98 78.4 86.79 54.2 49.26 119.8 74.58 74.83 141.21 138.1 56.46 80.63 48.65 45.57 121.82 88.17 32.73 44.74 140.4 37.48 47.75 11.68 47.56 82.31 109.72 28.38 73.34 89.03 137.28 127.29 100.97 148.34 94.65 119.89 155.65 79.51 166.13 115.38 46.78 34.78 55.31 80.67 87.19 70.57 64.01 60.39 120.35 91.4 60.25 97.79 53.31 107.58 55.42 113.87 44.23 133.54 147.43 76.1 89.26 136.33 154.86 
111.22 77.52 103.09 67.8 123.54 77.74 31.44 102.13 60.52 88.5 63.14 103 14.09 27.95 63.04 17.62 69.57 86.82 38.69 129.74 65.77 75.43 73.32 37.29 66.2 82.19 0 76.33 63.19 62.87 20.1 113.75 25.88 72.03 58.48 121.38 31.32 18.99 111.85 66.47 113 73.53 74.7 91.47 126.57 54.47 97.64 59.68 75.13 103.67 2.19 122.9 46.11 157.6 18.2 88.16 79.49 93.84 118.71 41.76 73.27 42.46 58.59 102.08 84.65 118.23 48.12 78.6 45.45 66.67 100.73 17.98 116.93 98.09 40.06 114.62 69.41 46.42 111.68 98.71 43.44 15.25 139.93 135.18 42.89 49.04 85.97 116.09 101.26 30.91 65.21 52.73 40.04 43.76 59.2 70.43 28.75 67.78 99.63 123.43 
177.64 98.97 176.67 114.37 190.21 117.97 96.1 146.1 136.82 143.16 134.29 179.17 81.01 104.24 136.25 92.45 144.44 135.52 115 205.38 125.46 130.51 19.71 91.83 138.87 156.6 76.33 0 136.12 135.05 78.88 184.34 100.49 4.78 130.8 196.94 104.98 86.51 184.42 111.89 163.59 136 148.18 166.45 186.26 101.09 167.95 37.62 51.16 163.1 78.29 199.17 122.13 226.02 79.84 154.81 154.61 123.2 191.4 117.86 146.49 118.53 121.79 159.13 160.96 191.74 83.24 100.18 32.28 89.78 126.22 61.96 173.29 111.82 104.93 130.5 110.93 113.56 187.68 173.3 107.4 69.46 216.13 211.48 103.01 72.39 148.32 191.44 163.98 107.22 112.32 126.34 44.94 113.76 29.96 59.74 97.35 128.15 136.7 158.21 
100.47 85.93 74.31 100.78 109.51 112.51 68.15 73.35 29.64 104.18 6.63 49.19 55.21 38.79 1.18 45.58 47.51 58.53 33.68 71.06 84.28 44.32 128.16 49.96 3.1 56.4 63.19 136.12 0 3.02 57.55 50.8 50.41 131.48 5.58 79.23 51.22 49.62 48.76 56.52 126.71 30.44 12.13 31.73 72.64 93.84 35.13 109.31 137.28 107.66 61 73.38 23.44 95.08 56.36 84.03 21.35 85.45 89.82 26.9 57.12 26.14 27.77 55.89 36.95 55.66 98.94 86.22 103.85 116.71 93.29 81.05 68.32 102.93 34.04 111.33 62.03 65.46 67.25 37.7 33.1 76.48 84.33 81.34 75.54 78.69 36.76 56.71 47.29 38.18 54.08 10.56 103.21 59.22 122.3 107.31 38.9 33.2 80.12 98.54 
103.39 83.15 77.32 102.5 112.48 114.24 69.24 70.42 32.38 106.52 3.63 51.69 54.32 39.35 4.17 45.27 50.34 55.55 35.01 72.92 86.37 41.32 126.72 47.94 4.08 59.36 62.87 135.05 3.02 0 56.3 50.89 51.31 130.39 4.4 82.09 52.43 48.62 49.49 53.62 129.2 27.53 13.78 33.76 70.94 95.23 34.91 107.66 137.33 110.33 60.69 75.98 25 94.95 55.22 86.77 23.84 82.45 92.84 28.15 59.91 27.42 24.87 53.46 39.86 56.71 99.82 83.42 102.77 117.75 90.29 80.8 66.15 100.02 32.11 108.33 59.12 67.23 70.09 39.38 30.95 76.48 86.48 83.65 76.96 76.56 34.29 58.55 45.4 39.01 51.19 10.98 102.91 60.97 121.83 105.15 37.71 30.18 77.12 95.62 
124.66 57.82 111.7 87.38 136.58 97.6 49.85 83.41 64.54 106.34 55.42 103.33 7.39 33.55 57.78 20.06 77.64 68.65 44.13 127.97 83.24 58.62 70.8 18.2 60.19 90.42 20.1 78.88 57.55 56.3 0 105.6 38.74 74.19 52.12 126.58 44.51 9.1 105.56 47.12 131.06 59.69 69.67 88.62 112.4 74.36 89.2 52.92 89.23 119.92 19.24 125.46 47.6 148.01 2.46 102.18 77.09 73.77 127.85 44.05 83.35 44.5 44.71 86.58 86.47 113 68.02 58.86 46.63 86.39 80.63 33.4 101.44 78.47 26.56 94.67 49.67 62.49 115.83 95.11 29.44 33.99 140.02 136.09 61.51 31.62 72.34 113.76 88.07 37.26 46.08 48.25 52.47 58.52 68.98 57.11 18.66 52.76 80.02 103.88 
123.97 115.11 90.53 145.73 128.85 157.13 117.21 78.41 69.25 142.11 50.77 46.23 104.59 89.36 51.12 96.15 81.09 71.65 82.71 43.46 126.27 64.57 174.25 93.54 47.73 82.73 113.75 184.34 50.8 50.89 105.6 0 100.29 179.61 55.28 79.02 100.16 98.71 10.86 85.38 161.05 52.13 40.43 33.64 42.68 141.14 16.4 154.11 188.08 139.16 111.56 64.55 72.36 44.46 104.87 115.41 41.84 103.73 101.02 76.47 89.89 75.67 63.81 49.13 54.38 18.32 148.44 114.86 152.17 165.52 110.02 131.68 50.14 125.97 79.44 126.98 89.87 111.05 68.86 27.56 77.11 127.27 60.14 61.71 122.97 119.68 43.14 34.15 33.82 88.35 83.48 61.36 153.78 105.18 172.59 146.99 87.55 60.37 91.23 98.84 
86.34 94.48 77.3 55.29 98.47 66.77 18.3 107.56 37.78 69.07 53 81.33 31.46 12.87 49.83 19.97 44.09 91.43 17.82 109.19 45.93 77.8 98.95 49.54 53.47 56.55 25.88 100.49 50.41 51.31 38.74 100.29 0 96.44 47.35 96.46 5.8 31.43 96.28 75.85 93.84 70.82 59.86 73.1 121.3 45.39 85.29 85.49 89.67 81.35 24.54 99.29 27.97 144.74 36.29 63.6 61.36 106.25 92.85 23.83 47.4 24.63 57.86 100.19 62.4 101.28 48.54 95.38 70.75 66.49 113.84 38.76 114.38 115.05 43.06 129.68 80.14 24.41 87.33 80.77 46.1 31.78 117.74 112.49 28.05 70.36 81.83 96.32 95.45 12.31 73.96 40.35 59.6 19.85 79.58 94.69 32.98 67.63 108.43 131.25 
174.48 94.67 172.87 112.07 187.05 116.08 92.58 141.52 132.54 140.64 129.6 174.76 76.42 99.91 131.63 87.98 140.45 130.84 110.72 200.88 122.51 125.76 16.94 87.06 134.22 152.68 72.03 4.78 131.48 130.39 74.19 179.61 96.44 0 126.15 192.89 101.02 81.88 179.74 107.19 161.45 131.22 143.55 161.89 181.5 98.58 163.22 33.35 51.73 160.38 73.97 194.91 117.71 221.25 75.17 151.56 150.07 118.86 187.71 113.47 142.69 114.12 117.02 154.38 156.61 187.09 80.95 95.89 27.63 88.39 122.01 58.07 168.56 107.9 100.19 126.65 106.28 110.08 183.53 168.71 102.64 65.65 211.72 207.13 99.82 67.75 143.54 186.91 159.21 102.93 107.6 121.74 42.01 110.1 28.72 55.93 92.68 123.37 132.24 153.88 
102.8 81.12 77.85 99.23 112.23 110.98 65.4 71.23 31.3 104.21 5.77 54.56 50 35.21 6.14 40.88 49.46 55.95 31.49 76.63 83.64 41.49 122.66 44.42 8.08 59.19 58.48 130.8 5.58 4.4 52.12 55.28 47.35 126.15 0 83.99 48.72 44.33 53.82 52.12 127.21 28.66 17.63 37.3 74.4 91.62 39.27 103.75 132.97 108.78 56.3 78.61 21.81 99.31 50.99 85.46 26.77 81.65 93.6 24.59 58.88 23.9 23.54 55.87 41.57 60.94 95.81 81.45 98.52 113.83 89.55 76.41 68.99 98.51 28.48 107.51 57.63 64.07 72.08 43.24 27.61 72.12 89.87 86.83 73.41 73.17 36.72 62.28 48.7 35.04 49.69 7.09 98.52 57.8 117.44 101.79 33.5 30.11 77.17 96.41 
56.67 165.1 26.67 110.99 56.23 119.33 103.7 146.29 62.07 92.44 85.37 34.71 121.17 94.43 78.26 107.75 52.66 133.93 83.35 44.29 89.09 121.12 194.55 125.71 78.61 41.31 121.38 196.94 79.23 82.09 126.58 79.02 96.46 192.89 83.99 0 92.07 117.49 68.17 135.68 101.94 105.89 70.95 54.41 121.5 114.61 79.46 178.95 179.3 79.37 119.63 16.58 79.09 106.02 124.55 61.94 59.21 163.59 25.99 82.54 52.67 82.09 106.95 120.67 42.43 62.74 129.92 165.42 166.82 140.73 171.25 135.09 126.63 182.05 110.23 189.34 141.18 87.99 12.09 55.22 110.39 127.8 37.42 30.37 101.47 154.18 105.66 45.73 105.93 91 133.25 83.3 154.88 85.53 174.66 182.36 109.99 111.06 155.95 170.3 
80.56 99.92 72.2 51.76 92.71 63.4 17.07 111.45 35.15 63.9 54.46 78.6 37.24 16.33 50.52 25.47 39.48 95.3 17.61 106.73 40.87 81.43 104.05 54.83 54.21 51.69 31.32 104.98 51.22 52.43 44.51 100.16 5.8 101.02 48.72 92.07 0 37.06 95.56 80.55 88.62 73.59 59.83 71.7 123.06 42.97 85.6 90.99 91.73 75.7 30.09 95.61 28.01 144.54 42.06 57.81 60.2 111.17 87.59 24.33 42.15 25.09 61.24 102.8 59.57 100.1 48.29 100.8 75.74 65.59 118.81 43.04 116.76 120.45 47.43 134.84 84.98 19.22 83.31 79.43 50.33 35.74 114.63 109.18 24.94 76.12 84.16 94.22 97.27 14.49 78.59 41.64 63.17 14.23 83.11 100.46 37.88 70.95 112.84 135.43 
116.5 63.29 102.75 82.98 128.29 93.67 44.74 83.35 55.44 100.11 48.09 94.51 5.99 24.8 49.75 11.73 68.71 67.9 35.16 119.51 76.93 56.47 79.36 19.46 52.39 81.48 18.99 86.51 49.62 48.62 9.1 98.71 31.43 81.88 44.33 117.49 37.06 0 98.08 48.23 124.89 55.27 61.68 80.25 108.35 70.65 82.36 61.88 92.8 112.75 17.3 116.47 38.53 141.76 7.17 94.27 68.59 76.95 118.93 34.95 74.65 35.4 40.22 83.39 77.48 105.25 66.5 64.23 54.25 85.22 84.21 35.64 98.26 83.93 21.54 99.23 51.63 55.7 106.75 86.92 24.83 34.2 131.28 127.26 56.32 39.64 67.86 105.37 83.39 28.51 46.79 39.93 56.56 51.26 74.34 65.97 11.2 49.11 81.49 105.15 
113.95 120.4 80.28 139.06 118.48 150.28 112.47 86.8 62.92 133.82 50.14 35.71 103.81 86.16 48.84 94.27 73.11 78.66 78.49 33.89 118.99 70.04 175.37 95.05 45.84 73.64 111.85 184.42 48.76 49.49 105.56 10.86 96.28 179.74 53.82 68.17 95.56 98.08 0 90.13 152.03 56.34 37.2 25.58 53.5 135.34 19.22 155.68 185.2 129.89 109.67 53.75 68.38 49.85 104.6 106.37 35.64 110.75 90.37 72.67 81.5 71.88 66.19 57.97 45.56 9.28 143.75 120.25 152.15 160.31 117.39 129.62 60.35 132.52 80.13 134.71 94.94 104.95 58.09 18.48 78.16 124.7 50.57 51.57 117.39 122.28 49.21 23.46 42.44 84.73 88.07 59.13 151.8 99.29 171.02 150.17 87.1 64.29 99.09 108.18 
151.87 30.56 129.57 130.32 162.26 141.34 91.92 36.73 81.1 144.22 50.31 104.16 52.39 64.55 57.53 56.99 98.86 23.74 70 120.93 121.36 21.3 97.23 29.19 57.09 109.98 66.47 111.89 56.52 53.62 47.12 85.38 75.85 107.19 52.12 135.68 80.55 48.23 90.13 0 168.77 33.83 65.36 84.62 75.39 118.56 70.94 76.13 134.08 153.6 65.11 128.75 65.71 120.32 48.55 132.07 76.82 31.14 145.51 65.16 107.45 64.99 28.75 48.14 93.46 99.23 114.53 30.59 82.97 133.14 39.03 80.3 61.68 46.42 33.41 56.36 5.52 99.71 123.65 88.06 30.98 81.03 136.27 134.59 103.16 39.78 42.64 106.99 56.44 67.36 2.44 54.65 97.43 94.18 111.02 63.45 42.93 26.24 33.27 56.98 
45.98 188.17 77.05 49.59 52 46.2 81.59 197.09 97.46 24.79 132.46 118.79 123.71 104.27 125.6 113.75 81.26 181.1 99.56 142.24 47.97 166.63 171.74 143.37 128.75 78.4 113 163.59 126.71 129.2 131.06 161.05 93.84 161.45 127.21 101.94 88.62 124.89 152.03 168.77 0 155.69 128.77 127.46 196.45 63.68 152.11 166.34 122.93 22.87 112.94 116.76 106.5 199.66 128.67 45.67 121.42 199.63 77.63 105.47 71.79 105.87 146.33 182.59 106.68 151.34 80.54 189.1 145.17 76.22 207.34 113.05 194.54 208.79 135.38 223.46 173.39 69.45 103.68 133.69 137.99 106.26 139.11 132.01 70.14 161.91 163.46 137.04 172.76 101.42 166.7 121.06 120.22 74.66 133.97 182.15 126.46 155.37 200.23 221.88 
130.91 64.25 104.09 125.26 139.88 136.95 89.05 42.92 59.77 132.4 23.96 72.66 61.16 57.95 31.61 57.8 77.83 28.49 57.82 87.36 111.22 15.3 124.11 44.21 29.47 86.79 73.53 136 30.44 27.53 59.69 52.13 70.82 131.22 28.66 105.89 73.59 55.27 56.34 33.83 155.69 0 35.14 52.59 53.09 116.19 37.18 103.45 148.07 137.44 71.53 97.18 49.42 90.41 59.74 114.08 46.87 57.96 119.19 51.18 87.36 50.63 15.08 29.42 65.1 65.41 117.47 64.18 104.55 136.11 65.47 90.87 43.92 77.98 33.75 83.54 38.77 90.79 93.81 55.06 30.52 88.65 102.99 101.72 98.49 68.08 12.66 73.61 28.4 59.12 31.74 34.64 111.68 84.58 128.66 94.94 44.79 8.3 50.43 68.1 
98.63 95.49 69.7 107.12 106.61 118.74 76.89 77.06 31.81 107.4 15.96 38.85 67.22 49.14 11.94 57.15 47.72 63.52 42.32 59.15 89.07 50.25 140.28 61.7 9.71 54.2 74.7 148.18 12.13 13.78 69.67 40.43 59.86 143.55 17.63 70.95 59.83 61.68 37.2 65.36 128.77 35.14 0 20.09 67.92 101.45 25.98 121.36 148.13 108.53 72.52 63.41 31.94 84.89 68.47 84.5 11.76 92.65 84.37 36.04 57.39 35.25 37.03 55.53 30.07 43.69 108.07 95.67 115.93 125.34 100.32 92.44 66.11 111.46 45.88 118.42 70.8 71.92 58.86 25.63 44.68 87.53 72.85 70.23 83.16 90.27 37.44 44.78 44.11 47.97 62.97 22.05 114.62 65.84 133.89 118.84 51.02 40.15 85.53 101.92 
91.65 115 59.32 113.57 97.67 124.74 88.31 91.91 37.81 108.55 36.05 20.17 85.51 64.31 31.25 74.31 47.64 79.98 55.38 39.42 93.41 67.87 159.41 81.66 29.69 49.26 91.47 166.45 31.73 33.76 88.62 33.64 73.1 161.89 37.3 54.41 71.7 80.25 25.58 84.62 127.46 52.59 20.09 0 71.62 110.24 26.79 140.87 162.72 105.71 89.33 44.6 45.92 75.36 87.24 81.86 12 110.54 71.95 50.35 56.28 49.58 56.78 66.61 20.89 28.51 119.48 115.13 134.32 135.55 117.98 108.7 73.99 130.27 65.76 136.01 89.99 79.75 42.57 7.76 64.7 103.09 52.76 50.25 92.48 110.31 51.28 25.15 52.41 62.31 82.28 40.38 130.78 74.24 150.44 138.9 70.03 58.77 101.9 115.91 
163.16 99.22 130.84 173.4 169.24 185.14 139.54 50.88 99.69 175.31 68.64 87.85 114.22 108.67 73.55 110.44 115.2 53.3 105.87 84.94 156.54 55.75 172.46 95.82 69.95 119.8 126.57 186.26 72.64 70.94 112.4 42.68 121.3 181.5 74.4 121.5 123.06 108.35 53.5 75.39 196.45 53.09 67.92 71.62 0 166.01 45.06 151.37 201.13 175.67 124.55 107.23 95.93 50.87 112.61 151.58 75.27 80.6 142.57 98.98 124.74 98.27 68.14 27.28 92 60.42 169.24 98.54 155.79 187.63 84.67 143.96 15.18 103.46 86.82 98.76 77.75 138.09 110.96 67.7 83.56 141.62 101.27 103.66 147.8 114.99 40.6 76.8 25.87 109.08 74.52 81.48 164.66 131.85 181.23 138.1 97.84 59.65 65.03 63.76 
79.62 131.99 89.19 14.35 91.82 23.27 27.31 152.1 72.47 42.08 97.37 112.19 67.55 58.25 93.06 61.79 66.94 136.08 60.22 140.5 27.3 122.83 108.16 90.1 96.75 74.58 54.47 101.09 93.84 95.23 74.36 141.14 45.39 98.58 91.62 114.61 42.97 70.65 135.34 118.56 63.68 116.19 101.45 110.24 166.01 0 127.42 102.98 67.59 62.3 55.13 123.22 70.41 185.05 72.24 58.65 99.75 147.54 100.49 67.09 62.93 67.81 103.13 145.54 93.93 138.6 18.36 133.07 81.53 26.42 154.69 50.32 159.63 152.54 87.29 169.02 122.22 30.54 109.33 117.93 90.53 44.3 144.86 138.46 18.33 102.77 127.04 129.82 140.23 57.22 116.94 84.54 56.85 36.06 72.25 120.05 76.22 112.91 151.74 175.11 
118.12 101.19 86.1 132.96 124.42 144.53 102.65 69.29 56.95 131.8 34.53 44.82 88.25 73.91 35.58 80.08 70.98 59.98 68.01 51.8 114.44 50.86 157.99 77.31 32.04 74.83 97.64 167.95 35.13 34.91 89.2 16.4 85.29 163.22 39.27 79.46 85.6 82.36 19.22 70.94 152.11 37.18 25.98 26.79 45.06 127.42 0 137.95 172.23 130.96 95.46 67.18 57.6 60.05 88.48 106.9 30.72 91.97 98.56 61.51 80.33 60.72 47.8 41.63 46.95 28.41 133.71 101.04 135.78 151.17 98.79 115.6 47.44 113.51 63.06 116.33 75.73 97.83 68.1 24.25 60.77 111.38 68.17 68.12 109.13 103.86 30.3 39.22 26.52 73.16 68.9 45.63 137.64 91.78 156.34 131.48 71.19 45.21 80.93 91.92 
170.41 61.36 162.34 117.31 182.84 124.21 88.17 109.08 116.94 143.11 106.17 156.18 57.8 84.67 109.69 71.22 128.45 99.4 95.71 180.28 121.93 95.94 21.11 60.67 111.69 141.21 59.68 37.62 109.31 107.66 52.92 154.11 85.49 33.35 103.75 178.95 90.99 61.88 155.68 76.13 166.34 103.45 121.36 140.87 151.37 102.98 137.95 0 76.86 160.63 60.96 178.34 100.34 193.81 54.72 147.22 129.6 85.59 178.15 96.58 132.79 97.09 90.35 124.1 139.36 163.74 88.26 62.57 22.87 101.26 88.67 53.52 137.8 74.93 75.76 93.79 74.55 104.93 168.46 146.99 77.55 60.8 192.76 188.96 98.13 36.39 115.21 165.97 130.51 88.22 76.87 100.69 50.41 103.06 50.26 23.84 71.07 95.27 99.25 120.6 
147.01 131.9 155.16 77.47 159.04 77 76.67 170.77 126.88 106.68 137.92 170.24 86.91 99.04 136.98 92.36 127.99 157.04 107.35 198.45 94.86 147.82 67.92 106.95 140.36 138.1 75.13 51.16 137.28 137.33 89.23 188.08 89.67 51.73 132.97 179.3 91.73 92.8 185.2 134.08 122.93 148.07 148.13 162.72 201.13 67.59 172.23 76.86 0 127.87 77.26 185.62 117.04 232.27 88.73 126.2 150.89 154.34 167.52 112.66 126.63 113.45 133 175.74 151.2 190.71 50.05 133.17 56.54 46.83 159.31 57.32 190.62 149.05 114.32 167.91 135.17 91.33 172.39 170.34 117.58 60.86 205.77 199.98 77.87 100.36 160.65 185.89 176.14 100.59 133.59 126.72 36.83 94.29 26.63 100.53 103.53 141.67 164.74 188.2 
24.72 175.38 54.21 50.47 33.71 52.41 72.79 179.66 78.05 21.27 113.74 96.19 112.55 90.05 106.52 101.15 60.83 163.91 83.6 119.38 38.72 149.34 168.72 130.12 109.45 56.46 103.67 163.1 107.66 110.33 119.92 139.16 81.35 160.38 108.78 79.37 75.7 112.75 129.89 153.6 22.87 137.44 108.53 105.71 175.67 62.3 130.96 160.63 127.87 0 103.19 93.97 89.16 177.08 117.47 24.1 100.42 184.71 55.71 88.82 51.15 89.11 129.34 163.27 84.84 128.87 80.59 176.21 140.95 81.6 192.56 107.25 174.62 195.76 120.32 209.32 158.51 57.52 80.82 111.68 122.62 99.84 116.39 109.29 62.52 151.44 144.3 114.33 152.64 86.81 151.41 103.11 118.39 61.5 134.53 174.04 112.56 137.92 183.91 204.71 
110.29 76.94 101.6 68.26 122.57 78.37 31.36 100.59 58.61 88.36 60.96 100.97 12.77 25.96 60.86 15.43 67.97 85.2 36.77 127.65 65.51 73.66 74.98 35.97 64.01 80.63 2.19 78.29 61 60.69 19.24 111.56 24.54 73.97 56.3 119.63 30.09 17.3 109.67 65.11 112.94 71.53 72.52 89.33 124.55 55.13 95.46 60.96 77.26 103.19 0 120.98 44.03 155.42 17.19 87.29 77.35 92.82 117.28 39.7 71.87 40.39 56.63 100.16 82.67 116.06 49.43 78 47.25 68.06 99.79 20.15 115 97.55 38.14 113.9 68.17 45.8 109.85 96.56 41.53 17.15 137.9 133.2 42.92 48.99 83.95 113.97 99.2 28.98 63.8 50.55 42.23 42.88 61.38 71.06 26.77 65.86 98.32 122.08 
72.26 158.87 39.89 121.24 72.62 130.4 109.08 135.7 62.38 105.32 78.91 24.61 120.77 95.13 72.56 107.8 57.64 124.41 84.22 27.72 99.16 112.46 195.14 122.22 72.15 48.65 122.9 199.17 73.38 75.98 125.46 64.55 99.29 194.91 78.61 16.58 95.61 116.47 53.75 128.75 116.76 97.18 63.41 44.6 107.23 123.22 67.18 178.34 185.62 93.97 120.98 0 78.11 89.49 123.63 74.67 52.18 155.13 42.38 82.06 60.3 81.49 100.37 108.8 39 47.42 137.27 159.06 168.12 149.61 162.56 137.97 113.48 174.69 106.34 180.58 134.18 94.76 14.13 43.42 105.99 131.06 22.72 15.74 108.53 151.04 95.26 30.52 93.62 92.01 126.36 79.31 158.75 91.36 178.71 179.58 107.84 103.19 146.24 159 
86.17 91.3 66.39 77.51 96.74 89.26 45.06 90.69 17.37 83 27.52 57.06 42.67 18.45 22.66 29.85 33.58 74.82 10.42 83.66 61.97 60.28 117.1 47.98 26.34 45.57 46.11 122.13 23.44 25 47.6 72.36 27.97 117.71 21.81 79.09 28.01 38.53 68.38 65.71 106.5 49.42 31.94 45.92 95.93 70.41 57.6 100.34 117.04 89.16 44.03 78.11 0 116.8 45.66 66.71 33.97 96.71 82.68 4.44 41.78 3.69 40.19 77.54 39.22 73.67 76.16 91.89 90.49 93.6 104.65 62.93 90.79 110.55 34.02 122.05 70.95 42.29 68.23 53.43 35.42 57.18 94.02 89.53 52.1 75.61 58.44 70.12 70.36 16.46 63.39 14.97 84.92 36.02 104.67 103.45 31.15 48.93 94.83 115.65 
158.78 147.32 124.65 188.91 161.2 200.1 161.57 101.32 112.71 182.74 94.47 80.9 147.72 133.76 95.46 140.08 122.57 101.05 127.14 61.86 168.71 99.13 214.51 134.26 92 121.82 157.6 226.02 95.08 94.95 148.01 44.46 144.74 221.25 99.31 106.02 144.54 141.76 49.85 120.32 199.66 90.41 84.89 75.36 50.87 185.05 60.05 193.81 232.27 177.08 155.42 89.49 116.8 0 147.53 154.25 85.32 130.63 131.33 120.92 130.57 120.12 104.24 74.33 94.57 48.49 192.82 146.79 194.17 209.75 135.19 175.57 65.74 153.61 121.48 149.62 123.78 154.73 99.14 67.97 118.79 171.42 73.76 79.06 167 158.09 78.69 62.99 63.91 132.8 118.9 105.63 197.55 149.01 216.02 183.72 130.57 98.55 115.47 114.06 
122.23 60.08 109.44 85.17 134.16 95.46 47.53 84.65 62.49 103.94 54.49 101.66 4.97 31.25 56.55 17.71 75.38 69.7 41.91 126.54 80.83 59.3 72.27 19.43 59.06 88.17 18.2 79.84 56.36 55.22 2.46 104.87 36.29 75.17 50.99 124.55 42.06 7.17 104.6 48.55 128.67 59.74 68.47 87.24 112.61 72.24 88.48 54.72 88.73 117.47 17.19 123.63 45.66 147.53 0 99.74 75.63 75.67 125.58 42.02 81.01 42.49 44.7 87.02 84.64 111.92 66.26 61.1 47.56 84.73 82.61 32.39 101.9 80.74 26.28 96.81 51.29 60.05 113.86 93.81 29.31 32.5 138.41 134.41 59.2 34.07 72.4 112.37 88.08 34.96 47.42 46.87 52.08 56.07 69.03 59.44 17.51 53.01 81.59 105.42 
23.21 155.5 35.32 51.37 35.74 58.19 59.63 156.59 54.4 30.67 90.23 73.53 94.99 70.26 82.88 82.54 36.85 141.03 62.41 98.32 31.35 126.46 157.8 110.33 85.7 32.73 88.16 154.81 84.03 86.77 102.18 115.41 63.6 151.56 85.46 61.94 57.81 94.27 106.37 132.07 45.67 114.08 84.5 81.86 151.58 58.65 106.9 147.22 126.2 24.1 87.29 74.67 66.71 154.25 99.74 0 76.33 163.18 42.88 66.92 27.14 67.11 106.74 139.42 61.04 105.83 76.37 156.25 129.4 82.89 171.1 95.19 150.6 175.55 99.2 188.23 137.16 42.36 60.8 88.03 101.22 87.46 97.38 90.37 51.82 133.75 120.53 91.97 128.59 66.75 129.81 80.09 109.98 44.42 128.02 158.18 92.5 115 161.47 181.74 
88.82 106.75 58.7 103.91 96.19 115.3 76.99 88.49 27.46 101.18 26.74 27.86 73.75 52.34 20.64 62.37 40.28 75.2 43.58 50.92 84.51 62.01 147.87 71.09 19.98 44.74 79.49 154.61 21.35 23.84 77.09 41.84 61.36 150.07 26.77 59.21 60.2 68.59 35.64 76.82 121.42 46.87 11.76 12 75.27 99.75 30.72 129.6 150.89 100.42 77.35 52.18 33.97 85.32 75.63 76.33 0 104.39 73 38.4 49.63 37.62 48.27 65.77 18.68 39.94 108.24 106.98 122.52 124.68 112.07 96.71 75.24 123.05 55.12 130.17 82.29 69.43 47.12 19.47 54.38 91.12 63.32 60.08 81.75 99.89 48.4 36.85 53.14 50.39 74.42 28.92 118.79 63.7 138.45 128.52 58.58 51.86 97.22 113.2 
182.79 24.3 159.49 159.89 193.01 170.62 121.54 29.89 111.66 175.01 78.93 130.62 80.14 95.37 86.54 86.84 129.6 32.13 101.13 143.7 152.03 42.67 105.54 57.52 85.48 140.4 93.84 123.2 85.45 82.45 73.77 103.73 106.25 118.86 81.65 163.59 111.17 76.95 110.75 31.14 199.63 57.96 92.65 110.54 80.6 147.54 91.97 85.59 154.34 184.71 92.82 155.13 96.71 130.63 75.67 163.18 104.39 0 175.21 96.27 138.36 96.08 58.18 56.92 122.04 120.02 141.7 23.13 99.18 159.87 7.96 105.15 65.42 22.99 64.44 25.89 26.26 130.37 151.5 112.63 62.1 107.34 159.86 159.11 132.99 54.04 61.68 130.54 70.57 98.3 33.38 84.99 118.99 124.99 129.22 65.69 73.31 52.6 16.15 35.02 
31.69 173.26 16.3 94.2 30.25 100.91 95.5 161.42 65.54 71.57 96.41 54.85 121.51 94.35 88.71 107.96 50.22 147.67 83.78 69.95 73.44 133.88 191.61 130.65 90.06 37.48 118.71 191.4 89.82 92.84 127.85 101.02 92.85 187.71 93.6 25.99 87.59 118.93 90.37 145.51 77.63 119.19 84.37 71.95 142.57 100.49 98.56 178.15 167.52 55.71 117.28 42.38 82.68 131.33 125.58 42.88 73 175.21 0 85.1 45.45 84.88 117.13 138.14 54.35 86.23 117.48 173.75 163.23 125.49 183.08 129.77 145.92 191.67 116.33 201.08 150.99 78.3 32.64 74.9 117.23 122.11 63.15 56.19 90.53 157.8 121.37 69.51 124.33 90.66 143.08 90.99 147.48 77.64 166.57 184.89 113.48 122.98 169.57 186.2 
87.08 89.77 68.81 74.73 97.95 86.48 41.28 91.64 20.5 81.64 30.35 61.32 38.81 14.02 26.22 25.76 35.37 75.63 6.9 88.05 60.08 61.18 113.09 45.72 29.89 47.75 41.76 117.86 26.9 28.15 44.05 76.47 23.83 113.47 24.59 82.54 24.33 34.95 72.67 65.16 105.47 51.18 36.04 50.35 98.98 67.09 61.51 96.58 112.66 88.82 39.7 82.06 4.44 120.92 42.02 66.92 38.4 96.27 85.1 0 42.96 0.8 40.86 79.79 43.28 78.06 72.22 90.41 86.31 89.84 104.18 58.5 93.32 109.32 32.62 121.38 70.27 39.76 71.88 57.85 34.4 52.74 98.27 93.7 48.84 72.79 60.81 74.54 73.28 12.08 62.89 17.53 80.49 33.51 100.24 100.36 28.39 49.99 95.13 116.42 
44.44 132.72 30.19 61.75 55.01 71.8 51.44 130.1 27.6 52.32 63.43 51.7 76.71 49.86 55.95 63.3 9.72 114.75 40.01 79.1 39.91 100.22 146.2 88.34 58.67 11.68 73.27 146.49 57.12 59.91 83.35 89.89 47.4 142.69 58.88 52.67 42.15 74.65 81.5 107.45 71.79 87.36 57.39 56.28 124.74 62.93 80.33 132.79 126.63 51.15 71.87 60.3 41.78 130.57 81.01 27.14 49.63 138.36 45.45 42.96 0 42.96 80.95 112.3 36.04 82.17 77.42 133.37 117.85 89.32 146.3 84.64 123.48 152.22 75.54 163.8 112.72 35.32 46.45 63.03 77.14 77.05 82.09 75.59 48.83 114.11 93.46 70.2 101.5 46.14 105.11 53.97 103.22 33.22 122.75 140.43 70.6 88.77 135.61 155.29 
87.14 89.79 68.58 75.39 97.96 87.14 42.05 91.23 20.09 82.09 29.66 60.65 39.34 14.77 25.45 26.35 35.25 75.24 7.6 87.33 60.6 60.77 113.67 45.88 29.13 47.56 42.46 118.53 26.14 27.42 44.5 75.67 24.63 114.12 23.9 82.09 25.09 35.4 71.88 64.99 105.87 50.63 35.25 49.58 98.27 67.81 60.72 97.09 113.45 89.11 40.39 81.49 3.69 120.12 42.49 67.11 37.62 96.08 84.88 0.8 42.96 0 40.47 79.18 42.67 77.27 73 90.42 86.94 90.62 104 59.24 92.68 109.28 32.59 121.24 70.13 40.38 71.39 57.07 34.3 53.51 97.61 93.07 49.56 73.07 60.18 73.8 72.59 12.87 62.71 16.85 81.24 34.12 100.98 100.7 28.63 49.55 94.82 116.04 
125.28 58.5 101.34 112.96 135.14 124.54 75.84 50.82 53.76 122.42 21.61 75.86 46.09 45.1 28.8 43.31 71.88 34.78 46.94 94.52 100.45 20.39 110.67 30.06 28.4 82.31 58.59 121.79 27.77 24.87 44.71 63.81 57.86 117.02 23.54 106.95 61.24 40.22 66.19 28.75 146.33 15.08 37.03 56.78 68.14 103.13 47.8 90.35 133 129.34 56.63 100.37 40.19 104.24 44.7 106.74 48.27 58.18 117.13 40.86 80.95 40.47 0 43.67 64.72 74.78 103.33 58.72 90.07 122.06 66.1 75.83 58.44 75.16 18.68 84.01 34.26 79.36 94.93 61.01 15.45 73.77 109.19 107.01 85.85 56.11 27.72 80.28 43.38 46.82 26.32 27.04 96.61 73.3 113.68 84.04 29.87 9.8 54.74 75.57 
154.15 73.14 124.39 154.33 161.92 166.05 118.44 29.45 85.29 159.96 50.35 85.97 89.09 87.32 56.99 86.94 102.6 26.81 86.58 91.86 139.48 28.72 145.19 69.41 53.89 109.72 102.08 159.13 55.89 53.46 86.58 49.13 100.19 154.38 55.87 120.67 102.8 83.39 57.97 48.14 182.59 29.42 55.53 66.61 27.28 145.54 41.63 124.1 175.74 163.27 100.16 108.8 77.54 74.33 87.02 139.42 65.77 56.92 138.14 79.79 112.3 79.18 43.67 0 84.29 66.9 146.82 72.56 128.92 165.49 62.32 118.97 14.89 79.84 62.03 78.49 50.68 119.54 109.03 65.62 58.65 117.3 108.53 109.18 127.74 87.72 19.19 80.38 15.54 88.38 47.25 62.58 139.04 113.29 155 111.09 73.45 34.31 42.87 50.39 
