100 20 3

3 6 10 

0 0
0 146.16 124.18 60.31 14.65 127.73 59.3 113.23 163.92 28.96 118.1 168.14 117.03 120.37 118.93 59.05 75.8 107.97 98.7 122.7 88.67 141.22 105.29 137.72 45.08 183.18 82.38 66.42 130.85 69.67 139.78 24.41 177.44 79.66 79.45 87.73 191.38 128.87 80.55 61.72 114.22 110.99 82.48 209.77 112.44 37.98 130.8 108.19 112.76 117.7 164.56 84.34 121.83 140.69 120.32 128 114.13 105.03 188.31 141.26 127.36 167.93 27.71 40.67 54.35 71.02 94.58 93.17 191.63 93.87 158.38 78.5 141.99 75.14 118.1 107.57 189.66 164.63 52.32 162.44 76.31 115.65 36.59 163.68 88.44 170.17 142.81 34.24 163.69 83.55 128.74 131.07 122.03 132.72 214.04 134.03 94 125.69 77.7 101.95 
146.16 0 83.28 174.79 132.07 92.84 87.55 126.05 175.79 119.2 104.91 150.19 165.82 95.05 85.98 125.68 96.52 50.75 162.51 23.77 126.47 143.72 123.29 171.46 177.01 188.31 89.78 132.63 192.7 140.46 9.42 140.07 179.15 197.42 85.66 186.22 135.29 56.96 65.65 145.64 191.16 40.29 80.85 123.17 98.91 116.64 78.6 117.16 61.26 162.68 59.63 120.36 85.67 152.41 91.08 111.49 68.18 106.58 114.54 61.08 132.62 184.74 127.64 130.64 134.76 150.48 190.67 185.16 186.27 137.84 133.45 72.77 12.71 131.78 104.58 42.53 149.76 109.42 107.64 127.85 87.19 115.44 148.46 131.76 84.74 148.21 4.73 115.41 119.67 119.45 164.07 21.44 109.89 43.72 97.27 99.33 56.67 41.84 75.25 124 
124.18 83.28 0 121.85 110.48 9.92 76.96 46.08 92.64 96.58 23.12 70.3 87.77 12.66 5.98 74 122.98 42.26 90.1 76.98 57.13 60.45 46.17 89.54 133.85 106.12 41.86 74.85 114.53 80.05 74.1 105.47 97.08 140.66 45.85 122.25 72.5 26.61 75.43 89.18 117.67 54.13 44.3 85.6 19.98 86.21 8.4 38.92 26.53 84.1 52.72 54.28 3.43 69.24 8.91 28.22 18.96 30.72 64.55 29.14 49.88 101.52 96.94 89.12 83.63 89.25 124.69 118.56 105.79 65.64 53.94 93.84 91.42 69.2 22.78 86.1 78.61 43.13 71.87 51.45 112.81 34.46 105.53 54.71 36.17 69.34 78.7 109.74 47.09 54.02 83.06 89.61 27.19 112.61 96.09 17.74 88.89 41.74 55.57 48.3 
60.31 174.79 121.85 0 62.85 120.61 92.68 89.63 123.55 66.5 105.55 139.14 72.45 112.65 115.87 50.45 129.87 126.46 53.29 154.12 67.01 110.75 83.56 94.08 22.79 142.07 88.51 47.08 77.22 42.12 166.44 43.55 138.58 23.2 90.55 28.36 173.14 137.98 115.62 32.68 57.94 134.79 95.28 200.92 103.57 61.98 130.1 89.76 123.42 74.81 172.56 67.95 118.58 106.14 114.58 111.9 120.85 92.97 177.96 147.58 100.78 124.87 54.45 45.1 40.68 34.26 35.09 35.08 153.18 63.92 134.9 122.13 174.72 52.99 105.72 144.94 165.15 152.31 67.5 141.98 127.23 97.72 29.68 141.74 94.88 142.39 170.52 86.82 146.89 68.05 86.9 165.57 106.77 174.8 217.93 123.76 134.17 142.12 99.6 80.06 
14.65 132.07 110.48 62.85 0 114.47 44.86 102.68 155.68 14.39 105.68 157.45 110.93 107.3 105.37 49.4 67.71 93.32 93.57 108.76 78.83 131.23 94.68 130.8 52.33 174.87 68.63 58.08 127.29 62.73 125.51 20.19 168.66 84.36 65.32 88.31 178.79 114.37 66.62 56.39 112.22 96.45 68.16 196.06 99.66 24.58 116.89 96.92 98.27 111.13 150 73.77 108.25 131.55 107.02 115.88 99.84 92.87 174.84 126.83 116.95 160.31 16.44 31.99 46.79 66.02 95.07 92.74 182.59 85.37 146.89 66.15 128.32 66.41 105.66 94.31 177.98 151.55 38.87 150.43 66.51 104.08 34.78 151.88 74.51 159.25 128.63 24.46 151.15 72.88 121.57 117.56 109.91 120.6 199.53 121.05 81.09 111.04 63.06 91.5 
127.73 92.84 9.92 120.61 114.47 0 83.68 39.45 82.96 100.93 16.68 60.5 80.99 8 10.75 74.69 131.18 51.96 85.1 86.89 54.3 50.97 41.01 81.15 134.07 96.24 46.38 74.16 107.44 78.5 83.73 107.8 87.18 138.35 51.39 118.76 65.67 35.94 83.96 88.16 111.93 63.96 50.61 82.78 17.08 89.95 15.05 33.68 36.28 77.18 58.1 52.67 8.89 60.04 7.48 19 28.58 27.7 60.71 36.37 41.27 91.9 100.16 90.96 83.94 87.17 120.71 114.53 95.91 61.44 44.27 102.38 101.2 67.62 16.39 95.78 70.06 37.18 75.61 42.41 121.16 27.76 106.52 45.47 41.52 59.66 88.3 115.6 39.11 52.63 75.16 99.52 19.21 122.51 98.08 8.27 98.14 51.5 62.88 43.66 
59.3 87.55 76.96 92.68 44.86 83.68 0 87.45 145.83 31.65 80.61 137.53 112.12 78.18 73.18 51.5 52.21 50.1 100.02 64.63 70.59 115.88 80.21 127.38 90.8 163.85 39.67 61.56 135.15 69.52 80.73 53.37 156.1 115.87 33.15 110.82 149.22 73.72 23.29 69.91 125.81 51.78 33.1 160.03 73.05 30.91 81.46 78.95 58.27 110.69 108.09 63.42 75.7 119.65 76.48 91.55 61.94 70.73 140.6 86.66 100.89 152.54 40.79 47.76 57.36 77.9 116.65 112.33 168.46 81.41 123.78 31.54 84.73 65.83 80.46 52.56 152.85 120.07 28.14 124.69 44.28 83.74 63.87 127.08 42.7 138.18 83.97 34.11 122.71 62.22 118.03 74.53 86.09 82.14 157.87 91.52 41.55 67.67 21.93 78.23 
113.23 126.05 46.08 89.63 102.68 39.45 87.45 0 58.56 91.86 23.07 54.91 41.72 33.47 41.52 54.25 139.55 77.91 46.63 114.84 25.07 29.06 8.01 45.76 107.07 76.41 49.32 48.6 68.47 49.34 116.64 89.8 68.78 104.1 56.42 82.29 83.64 71.64 97.63 59.76 72.6 90.5 59.04 112.21 27.35 79.46 53.72 9.47 64.88 38.02 97.54 28.95 42.86 32.29 37.19 24.02 57.88 20.16 89.22 75.11 14.31 65.79 86.4 72.69 60.7 55.45 83.31 77.14 81.65 25.86 46.44 114.63 132.29 39.97 23.4 118.13 77.69 63.59 67.26 52.6 130.97 11.72 83.58 52.76 49.58 57.02 121.34 112.11 57.3 29.81 38.03 128.1 20.66 148.19 135.37 38.67 115.92 84.43 72.79 11.29 
163.92 175.79 92.64 123.55 155.68 82.96 145.83 58.56 0 146.8 72.96 35.6 51.13 81.63 90.71 106.39 198.01 132.2 70.31 168.69 77.85 32.59 65.62 29.85 145.36 19.27 107.81 97.74 58.96 94.38 166.68 139.53 15.27 128.37 114.91 103.37 78.54 118.85 155.88 103.29 77.09 144.79 117.31 116.99 80.36 134.48 97.35 67.58 117.37 48.81 132.89 84.16 90.53 26.28 85.47 64.64 109.65 77.36 98.03 117.05 46.3 9.25 139.29 123.9 109.61 95.09 100.31 95.62 29.72 70.33 47.98 173.11 184.03 89.28 73.26 174.63 60.36 79.8 123.85 57.25 189.52 64.85 129.54 53.67 107.59 39.9 171.26 168.49 67.55 85.27 36.75 181.67 67.31 203.54 154.97 76.67 173.67 134.38 131.16 67.73 
28.96 119.2 96.58 66.5 14.39 100.93 31.65 91.86 146.8 0 92.95 146.17 104.61 93.94 91.59 40.9 64.17 79.1 88.56 96.2 69.08 120.77 83.88 123.42 60.58 165.83 54.78 50.7 123.34 56.74 112.31 23.61 159.19 89.23 51.14 89.19 165.73 99.99 54.35 52.52 110.05 82.68 53.85 182.08 86.6 12.42 102.81 85.4 83.89 104.32 135.62 63.32 94.44 121.92 93.46 103.39 85.52 80.47 161.06 112.46 106.16 152.02 12.16 26.61 41.05 62.02 95.68 92.5 172.81 76.97 134.88 56.69 116.13 58.25 92.91 82.95 165.73 138.09 25.71 137.94 60.79 92.2 36.84 139.57 60.48 147.73 115.6 23.28 138.18 62.32 114.03 105.68 97.45 110.76 185.15 107.73 70.45 96.81 48.79 80.9 
118.1 104.91 23.12 105.55 105.68 16.68 80.61 23.07 72.96 92.95 0 57.25 64.78 10.46 19.07 62.05 130.96 59.26 68.43 95.91 38.64 40.39 24.37 66.8 120.25 88.36 41.06 60.01 91.47 63.5 95.57 96.67 79.69 122.51 47.48 102.38 73.29 49.22 85.52 73.51 95.32 71.87 48.31 95.85 7.88 81.19 30.65 17.07 44.71 61.06 74.63 38.13 20.02 48 14.32 10.95 37.14 13.39 73.1 52.05 27.8 81.41 90.4 79.44 70.68 71.67 104.18 97.99 90.31 44.96 43.2 103.59 112.08 52.76 0.34 101.89 73.11 47.85 67.24 45.08 121.49 11.38 93.73 46.99 38.27 57.64 100.25 110.08 45.6 38.31 60.04 108.99 5.87 130.58 114.32 18.21 101.96 63.08 61.97 27.14 
168.14 150.19 70.3 139.14 157.45 60.5 137.53 54.91 35.6 146.17 57.25 0 71.71 62.41 70.46 109.13 188.2 112.46 87.78 146.94 79.68 28.44 62.87 55.77 158.86 39.99 97.86 102.92 88.53 102.37 141.58 144.61 31.07 148.96 104.53 124.52 43.48 94.09 142.45 112.57 103.33 124.42 105.54 81.55 65.07 133.86 72.54 60.79 96.77 68.06 101.5 83.84 69.25 34.17 65.53 46.47 89.07 67.08 62.49 89.39 40.85 44.16 141.24 127.56 115.16 106.44 123.08 117.51 36.08 77.07 16.76 160.65 159.81 94.12 57.44 156.25 27.69 46.13 120.98 23.69 178.71 54.4 137.63 19.71 95.49 4.42 145.93 165.38 33.76 84.67 57.57 159.24 51.57 182.75 119.66 52.61 158 110.55 119.2 66.19 
117.03 165.82 87.77 72.45 110.93 80.99 112.12 41.72 51.13 104.61 64.78 71.71 0 75.18 83.04 64.07 163.11 116.05 19.42 152.35 42.56 45.52 42.71 21.73 94.45 69.66 80.98 53.95 26.99 48.24 156.42 92.81 66.25 78.24 87.47 53.37 111.84 112.95 128 55.31 33.17 128.23 91.4 145.99 68.58 93.05 95.42 49.38 104.67 4.09 139.03 49.81 84.52 37.6 78.86 63.92 98.24 59.51 123.65 116.82 43.07 52.68 95.12 79.12 64.22 46.17 51.43 46.03 80.82 30.98 72.84 142.72 170.98 47.17 65.11 152.5 99.26 99.22 85.75 81.93 156.18 53.41 81.13 80.26 83.82 75.64 161.1 127.62 89.9 50.98 14.85 165.6 61.88 183.57 174.45 79.24 147.62 124.8 103.65 41.83 
120.37 95.05 12.66 112.65 107.3 8 78.18 33.47 81.63 93.94 10.46 62.41 75.18 0 9.12 66.77 126.92 51 78.14 87.11 46.52 49.12 34.03 77.06 126.09 96.09 39.83 66.17 101.9 70.56 85.76 100.12 87.2 130.55 45.35 111.24 71.99 38.92 80.32 80.18 105.4 63.44 45.13 90.6 9.09 82.74 20.34 26.71 35.81 71.48 64.61 44.71 9.62 57.42 3.98 17.11 28.05 19.84 68.37 41.66 37.63 90.31 92.74 83.2 75.97 79.3 113.35 107.18 96.92 54.09 46.94 98.66 102.62 59.67 10.13 94.4 74.73 44.27 68.45 46.64 117.11 21.82 98.6 49.27 35.55 62.12 90.42 109.36 44.79 44.65 70.44 100.05 14.85 122.26 105.82 13.81 95.61 53.26 58.06 36.44 
118.93 85.98 5.98 115.87 105.37 10.75 73.18 41.52 90.71 91.59 19.07 70.46 83.04 9.12 0 68.11 120.43 42.26 84.68 78.1 51.31 58.22 40.98 85.87 127.94 104.97 36.82 68.88 109.92 74.09 76.68 99.88 96.03 134.72 41.3 116.46 76.05 30.2 73.26 83.2 112.46 54.58 40.2 90.88 14.63 80.99 14.31 33.85 26.85 79.46 58.39 48.33 2.93 66.53 5.24 26.11 19.07 25.09 69.48 34.38 46.65 99.42 91.57 83.41 77.71 83.32 118.98 112.87 105.42 60.07 54.52 91.67 93.5 63.24 18.73 85.89 80.81 47.1 66.63 53.1 110.42 30.13 99.7 56.08 31.48 69.87 81.34 105.46 49.79 48.06 79.03 90.99 23.91 113.37 102.07 18.97 87.72 44.17 52.21 42.93 
59.05 125.68 74 50.45 49.4 74.69 51.5 54.25 106.39 40.9 62.05 109.13 64.07 66.77 68.11 0 100.02 76.35 49.41 106.29 29.65 82.21 46.37 82.53 59.87 125.54 38.06 10.4 84.7 18.05 117.03 35.62 119.27 72.19 40.39 61.39 134.68 87.83 71.75 20.07 74.33 85.41 45.19 157.28 57.92 29.03 81.92 49.87 73.02 63.57 122.91 25.54 70.98 82.16 67.85 70.92 70.78 48.66 134.81 97.96 68.32 111.3 32.97 18.44 9.93 26.67 66.59 61.75 133.21 36.19 99.95 83.04 126.77 17.36 62.13 100.01 131.32 109.85 23.41 104.73 93.99 57.67 31.85 105.63 44.47 111.26 121.27 63.64 107.11 24.89 73.14 118.5 65.07 131.1 169.59 79.53 91.55 91.7 51.5 42.97 
75.8 96.52 122.98 129.87 67.71 131.18 52.21 139.55 198.01 64.17 130.96 188.2 163.11 126.92 120.43 100.02 0 85.42 149.43 74.53 122.43 167.74 132.4 179.27 119.72 215.91 90.95 110.42 184.71 117.75 94.35 86.32 208.05 151.92 84.01 153.35 195.02 111.39 47.81 115.52 173.14 79.11 82.67 199.33 123.16 72.64 125.44 130.89 99.13 161.99 139.57 115.36 122.53 171.8 124.55 141.78 105.17 122.19 182.63 123.84 152.8 204.74 76.27 90.01 103.26 124.63 159.83 156.54 220.14 132.85 173.63 29.86 87.27 116.08 130.77 54.53 201.23 165.38 77.39 173.39 10.61 135.24 100.54 176.17 92.73 188.49 95.18 43.28 170.02 114.17 169.87 75.93 136.66 66.22 187.07 139.38 41.79 99.13 69.05 130.44 
107.97 50.75 42.26 126.46 93.32 51.96 50.1 77.91 132.2 79.1 59.26 112.46 116.05 51 42.26 76.35 85.42 0 111.84 36.95 75.84 99.62 74.08 123.65 131.52 147.08 39.28 82.52 142.73 90.16 41.58 96.3 138.2 148.53 35.97 135.96 111.02 26.01 38.24 96 140.48 12.66 31.19 114.17 52.09 73.04 42.05 68.61 15.74 113.12 58.17 69.64 43.22 107.09 47.41 68.08 23.39 57.83 97.26 38.72 86.68 140.65 84.69 84.06 85.86 100.22 140.21 134.61 147.65 87.33 96.18 55.57 54.94 81.17 58.95 43.84 119.86 81.53 61.37 93.44 74.87 68.41 102.21 96.82 34.01 111.58 46.11 83.8 88.04 68.71 115.64 50.2 64.9 71.35 107.89 59.99 47.64 17.73 30.37 74.37 
98.7 162.51 90.1 53.29 93.57 85.1 100.02 46.63 70.31 88.56 68.43 87.78 19.42 78.14 84.68 49.41 149.43 111.84 0 146.77 36.04 60 44.14 41.14 75.09 89 73.98 39.02 35.3 31.94 153.22 74.75 85.3 61.22 79.66 37.21 125.44 113.16 118.13 37.26 28.67 123.34 84.08 157.37 70.14 77.67 98.3 51.48 102.55 21.52 142.71 42.32 86.69 53.89 81.36 70.62 97.08 59.67 134.55 119.05 53.3 72.1 78.27 62.32 47.55 27.73 37.11 31.04 99.9 25.04 86.27 131.35 166.31 34.34 68.71 144.48 114.79 109.24 72.42 94.59 143.27 57.73 62.41 93.54 78.12 91.4 157.82 111.82 101.37 43.32 33.61 159.81 67.1 175.83 181.99 85.21 138.03 122.96 94.88 41.8 
122.7 23.77 76.98 154.12 108.76 86.89 64.63 114.84 168.69 96.2 95.91 146.94 152.35 87.11 78.1 106.29 74.53 36.95 146.77 0 111.14 136.12 110.82 160.57 154.93 182.99 72.83 114.13 178.79 122.19 19.84 117.69 173.99 177.05 67.62 167.54 139.03 53.61 42.17 126.35 175.2 24.35 62.96 133.36 88.92 94.49 74.55 105.51 51.33 149.55 69.89 104.49 78.59 143.86 83.34 104.2 59.07 94.73 121.03 62.3 123.5 177.27 105.17 109.38 114.88 132.04 172.41 167.16 182.69 122.86 130.32 49.26 20.6 114.39 95.59 20.02 150.9 110.86 86.63 126.28 64.71 105.32 126.87 129.95 68.84 145.61 21.25 91.65 119.46 103.47 152.48 13.29 101.43 35.92 114.1 94.44 33.48 37.07 54.87 110.92 
88.67 126.47 57.13 67.01 78.83 54.3 70.59 25.07 77.85 69.08 38.64 79.68 42.56 46.52 51.31 29.65 122.43 75.84 36.04 111.14 0 52.56 17.58 56.84 82.87 96.78 38.74 23.56 68 25.23 117.18 64.95 90.13 84.06 45.01 65.16 107.84 78.1 85.48 35.54 64.7 87.47 49.1 133.97 37.61 56.71 65.52 22.91 66.69 40.59 109.64 7.29 53.72 52.87 48.99 45.1 61.58 26.71 111.05 85.2 38.83 83.5 62.41 48.01 35.64 33.03 67.87 61.82 103.86 11.81 71.42 100.55 130.46 15.07 38.84 110.15 102.73 85.44 46.25 77.1 114.87 30.97 58.55 77.55 42.32 81.97 121.79 90.66 80.8 8.48 47.46 124.28 39.81 141.34 152.33 56.84 105.06 87.08 61.1 14 
141.22 143.72 60.45 110.75 131.23 50.97 115.88 29.06 32.59 120.77 40.39 28.44 45.52 49.12 58.22 82.21 167.74 99.62 60 136.12 52.56 0 36.96 34.8 130.44 48.56 76.88 75.29 66.58 74.23 134.53 117.34 40.35 121.18 83.91 97.07 66.33 86.89 124.28 84.33 78.38 112.21 85.91 101.09 47.87 108.36 65.71 36.95 84.81 41.58 104.21 57.54 58.17 10.29 53 32.26 77.1 45.79 79.26 86.17 15.02 41.2 114.86 100.55 87.57 78.03 96.14 90.37 52.69 48.86 27.42 141.85 151.67 66.46 40.69 142.18 54.83 56.23 96.32 36.8 158.85 32.89 109.69 34.84 75.99 31.67 139.14 141.17 45.58 58.5 32.96 149.12 34.73 170.96 132.86 45.38 141.62 102.11 99.82 39.88 
105.29 123.29 46.17 83.56 94.68 41.01 80.21 8.01 65.62 83.88 24.37 62.87 42.71 34.03 40.98 46.37 132.4 74.08 44.14 110.82 17.58 36.96 0 50.23 100.25 83.8 42.9 41.11 69.69 42.47 113.88 81.95 76.37 99.11 49.96 78.25 90.36 70.45 91.38 52.87 71.51 86.52 52.93 117.52 26.36 71.47 54.27 7.34 62.06 39.43 98.63 20.98 42.79 39.49 37.34 28.49 55.54 16.8 94.53 75.27 22.31 72.47 78.41 64.79 53.08 49.31 79.86 73.68 89.43 20.84 53.9 108.03 128.88 32.64 24.64 112.98 85.24 68.85 59.39 59.54 124 14.43 76.09 59.98 43.91 64.9 118.57 104.25 63.52 21.82 41.75 124.11 23.85 143.43 138.52 41.8 110.05 82.11 66.47 3.6 
137.72 171.46 89.54 94.08 130.8 81.15 127.38 45.76 29.85 123.42 66.8 55.77 21.73 77.06 85.87 82.53 179.27 123.65 41.14 160.57 56.84 34.8 50.23 0 116.17 48 92.59 72.92 32.84 68.23 162.08 113.36 45.1 98.57 99.52 73.56 98.39 115.97 140.92 76.17 48.4 136.23 102.84 134.87 72.56 111.45 96.18 55.07 110.49 20.15 137.41 63.97 86.66 24.66 81.01 62.37 103.31 65.84 113.57 117.47 39.91 30.97 114.68 98.82 84.05 67.34 70.68 65.85 59.54 46.83 61.12 156.86 177.99 65.19 67.14 163.2 83.34 91.02 102.62 70.85 171.65 56.03 102.26 68.34 94.08 60.06 166.77 146.03 80.14 65.16 9.46 173.84 62.36 193.62 167.66 77.28 159.95 129.69 116.06 50.92 
45.08 177.01 133.85 22.79 52.33 134.07 90.8 107.07 145.36 60.58 120.25 158.86 94.45 126.09 127.94 59.87 119.72 131.52 75.09 154.93 82.87 130.44 100.25 116.17 0 164.09 96.35 60.25 99.98 57.79 169.31 37.46 160.24 35.61 96.76 50.26 190.59 146.63 114.06 47.38 80.51 138.13 101.16 216.09 117.08 60.45 141.79 105.7 131.16 96.55 182.2 82.14 130.78 126.68 127.45 127.83 129.85 107.09 193.33 157.36 119.33 147.07 50.02 47.52 50.24 52.43 56.69 57.47 174.85 82.16 153.25 117.15 175.3 67.92 120.38 143.14 184.08 167.92 70.21 159.65 118.84 113.78 29.43 159.79 102.96 161.87 173.04 76.67 163.66 81.95 108.62 165.29 122.32 171.33 229.41 138.26 130.97 148.31 102.41 96.66 
183.18 188.31 106.12 142.07 174.87 96.24 163.85 76.41 19.27 165.83 88.36 39.99 69.66 96.09 104.97 125.54 215.91 147.08 89 182.99 96.78 48.56 83.8 48 164.09 0 125.26 116.97 73.69 113.64 179.44 158.79 9.18 145.73 132.32 120.81 77.9 131.53 172.83 122.51 93.1 159.52 134.43 116.52 96.06 153.47 109.8 85.06 131.82 67.62 141.43 102.93 104.4 44.35 99.76 79 124.03 94.31 100.18 128.17 63.26 17.78 158.46 143.12 128.87 114.23 117.29 112.94 13.89 89.54 55.88 190.37 197.27 108.48 88.64 190.21 57.76 86.08 142.58 63.67 207.2 81.44 148.76 59.7 124.54 43.34 183.91 187.33 73.73 104.02 55.64 195.72 82.54 218.33 157.74 89.14 190.09 147.6 148.34 86.14 
82.38 89.78 41.86 88.51 68.63 46.38 39.67 49.32 107.81 54.78 41.06 97.86 80.98 39.83 36.82 38.06 90.95 39.28 73.98 72.83 38.74 76.88 42.9 92.59 96.35 125.26 0 43.34 106.74 50.89 80.75 64.71 117.22 109.98 7.11 96.69 111.79 50.28 48.49 57.12 102.37 49.81 10.42 127.45 33.69 44.41 48.47 40.26 35.04 78.64 85.94 31.83 39.67 81.53 38.92 52 33.61 31.25 106.29 61.28 62.01 115.09 55.36 49.44 47.9 60.97 100.95 95.39 129.2 50.55 84.26 65.31 92.59 42.01 40.93 71.52 113.83 83.55 30.13 85.67 81.98 44.3 67.06 87.85 6.63 98.54 85.2 69.57 84.59 30.76 83.65 85.84 46.46 102.64 134 53.59 67.37 53.75 23.58 41.72 
66.42 132.63 74.85 47.08 58.08 74.16 61.56 48.6 97.74 50.7 60.01 102.92 53.95 66.17 68.88 10.4 110.42 82.52 39.02 114.13 23.56 75.29 41.11 72.92 60.25 116.97 43.34 0 74.31 8.21 123.77 42.21 111.06 67.21 46.98 53.6 131.1 91.39 81.15 14.45 64.31 92.38 51.8 155.85 57.09 39.14 83.07 45.84 77.43 53.63 125.57 21.9 71.63 74.29 67.83 67.78 74.24 46.89 133.08 100.61 62.14 102.23 41.81 26.17 12.29 17.92 58.29 53.08 125.21 27.48 94.98 93.07 134.45 8.83 60.14 108.94 126.28 107.7 33.6 100.53 104.34 53.9 35 101.07 49.26 105.34 128.13 73.68 103.84 21.71 63.61 126.62 62.17 140.18 170.93 78.04 101.04 96.9 59.77 37.53 
130.85 192.7 114.53 77.22 127.29 107.44 135.15 68.47 58.96 123.34 91.47 88.53 26.99 101.9 109.92 84.7 184.71 142.73 35.3 178.79 68 66.58 69.69 32.84 99.98 73.69 106.74 74.31 0 67.08 183.3 107.76 73.64 74.77 112.94 51.08 131.21 139.89 152.6 71.12 20.58 154.8 117.1 167.42 95.51 112.76 122.06 76.35 131.61 30.47 165.27 75.03 111.32 56.87 105.65 89.76 125.22 86.49 145.81 143.5 67.93 56.06 112.61 96.85 82.33 61.49 46.06 43.2 86.98 56.2 93.57 166.35 197.66 69.33 91.8 178.09 115.99 122.5 107.69 103.21 178.55 80.09 94.28 100.88 110.03 92.84 187.98 146.62 112.15 76.16 33.96 192 88.24 209.32 198.75 105.11 172.42 151.77 128.76 68.73 
69.67 140.46 80.05 42.12 62.73 78.5 69.52 49.34 94.38 56.74 63.5 102.37 48.24 70.56 74.09 18.05 117.75 90.16 31.94 122.19 25.23 74.23 42.47 68.23 57.79 113.64 50.89 8.21 67.08 0 131.53 45.26 108.22 60.85 54.87 45.81 132.81 97.94 89.33 10.43 56.3 100.25 59.66 159.13 61.48 45.74 88.38 48.13 84.42 48.42 131.55 25.89 76.74 72.13 72.57 70.32 80.82 50.86 136.23 106.66 62.04 98.26 46.89 30.89 15.98 10.08 50.28 44.98 122.58 25.39 95.67 101.05 142.46 10.9 63.67 117.14 126.74 110.64 41.45 101.88 111.93 56.19 35.63 102.1 56.59 105.07 135.93 79.95 105.94 26.06 59.13 134.73 65 148.38 176.04 81.7 109.21 104.15 67.93 38.88 
139.78 9.42 74.1 166.44 125.51 83.73 80.73 116.64 166.68 112.31 95.57 141.58 156.42 85.76 76.68 117.03 94.35 41.58 153.22 19.84 117.18 134.53 113.88 162.08 169.31 179.44 80.75 123.77 183.3 131.53 0 132.62 170.29 188.95 76.85 177.32 128.18 47.94 59.68 136.93 181.88 31.67 72.02 118.16 89.52 109.11 69.65 107.75 51.85 153.27 54.22 111.13 76.42 143.16 81.8 102.29 58.79 97.17 108.18 52.89 123.31 175.6 120.29 122.6 126.23 141.58 181.69 176.13 177.66 128.51 124.83 68.77 18.69 122.71 95.24 39.82 142.03 101.63 99.58 119.49 84.55 106.06 140.54 123.37 75.59 139.7 4.7 109.95 111.55 110.23 154.66 23.14 100.59 47.72 95.4 90.36 53.24 32.52 67.13 114.59 
24.41 140.07 105.47 43.55 20.19 107.8 53.37 89.8 139.53 23.61 96.67 144.61 92.81 100.12 99.88 35.62 86.32 96.3 74.75 117.69 64.95 117.34 81.95 113.36 37.46 158.79 64.71 42.21 107.76 45.26 132.62 0 153.12 65.9 63.45 68.21 169.79 114.02 76.62 37.57 92.21 101.85 67.34 190.51 91.69 23.54 112.73 85.41 98.05 93.38 149.97 61.15 102.8 116.48 100.57 106.05 98.02 83.35 168.48 125.69 103.77 143.52 12.58 17.33 30.03 47.03 74.93 72.55 167.35 69.58 135.55 80.25 137.98 51 96.71 105.7 166.91 144.06 35.51 140.16 83.86 93.12 14.63 141.15 71.22 146.81 136.22 43.37 142.12 60.48 104.35 127.89 100.13 134.13 198.6 113.46 93.65 113.62 66.37 78.52 
177.44 179.15 97.08 138.58 168.66 87.18 156.1 68.78 15.27 159.19 79.69 31.07 66.25 87.2 96.03 119.27 208.05 138.2 85.3 173.99 90.13 40.35 76.37 45.1 160.24 9.18 117.22 111.06 73.64 108.22 170.29 153.12 0 143.64 124.26 118.63 70.45 122.4 164.51 117.43 92.17 150.6 126.22 109.19 87.44 146.79 100.67 77.18 122.87 63.78 132.37 96.01 95.41 37.28 90.83 70.14 115.08 86.12 92.1 118.99 55.26 18.48 152.23 137.11 123.11 109.49 115.56 110.88 14.62 83.59 46.75 182.16 188.15 102.43 79.95 181.44 50.76 77.19 135.51 54.69 199.2 73.17 143.62 50.74 116.28 34.6 174.76 180.36 64.82 97.07 51.69 186.69 73.84 209.39 149.63 80.02 181.56 138.5 140.13 78.89 
79.66 197.42 140.66 23.2 84.36 138.35 115.87 104.1 128.37 89.23 122.51 148.96 78.24 130.55 134.72 72.19 151.92 148.53 61.22 177.05 84.06 121.18 99.11 98.57 35.61 145.73 109.98 67.21 74.77 60.85 188.95 65.9 143.64 0 112.57 25.01 186.09 158.58 138.8 52.96 54.19 157.29 117.35 216.31 121.57 85.15 149.02 105.91 144.55 81.46 192.39 86.4 137.3 114.95 132.87 127.54 141.43 110.71 193.31 167.5 113.4 128.02 77.3 68.27 62.75 51.41 28.78 32.8 157.98 78.42 147.08 145.2 197.64 71.57 122.72 168.11 176 167.66 90.49 155.01 149.76 113.53 52.6 154.25 116.17 152.61 193.1 108.68 161.01 86.71 93.07 188.61 122.9 197.99 236.35 140.58 157.36 163.73 122.37 95.84 
79.45 85.66 45.85 90.55 65.32 51.39 33.15 56.42 114.91 51.14 47.48 104.53 87.47 45.35 41.3 40.39 84.01 35.97 79.66 67.62 45.01 83.91 49.96 99.52 96.76 132.32 7.11 46.98 112.94 54.87 76.85 63.45 124.26 112.57 0 100.58 117.03 50.57 41.46 60.13 107.83 45.41 4.83 131.06 39.91 41.78 51.73 47.35 34.66 85.23 86.52 37.91 44.03 88.63 44.01 58.42 34.83 38.21 110.38 62.35 69.07 122.19 53.18 49.32 49.92 64.86 105.14 99.74 136.16 56.8 90.64 58.21 87.71 46.77 47.33 65.15 119.83 88.37 28.03 91.66 74.96 51.26 67.34 93.98 9.87 105.09 81.18 64.22 90.1 36.79 90.53 80.44 53.01 96.4 135.32 58.93 60.49 51.79 16.56 48.72 
87.73 186.22 122.25 28.36 88.31 118.76 110.82 82.29 103.37 89.19 102.38 124.52 53.37 111.24 116.46 61.39 153.35 135.96 37.21 167.54 65.16 97.07 78.25 73.56 50.26 120.81 96.69 53.6 51.08 45.81 177.32 68.21 118.63 25.01 100.58 0 162.63 142.55 132.5 41.46 30.8 145.98 105.39 194.11 102.54 81.92 130.64 85.4 129.75 56.69 174.8 69 118.83 90.4 113.97 106.19 125.62 91.64 171.19 150.28 90.31 103.13 77.1 64.08 53.69 35.75 6.85 7.98 132.99 57.45 123.47 141.83 187.94 55.26 102.63 161.2 151.76 145.7 83.25 131.74 149.5 92.56 53.58 130.74 102.3 128.26 181.71 111.22 138.3 69.57 68.17 179.86 102.03 192.09 216.7 120.05 152.01 149.71 112.86 75.27 
191.38 135.29 72.5 173.14 178.79 65.67 149.22 83.64 78.54 165.73 73.29 43.48 111.84 71.99 76.05 134.68 195.02 111.02 125.44 139.03 107.84 66.33 90.36 98.39 190.59 77.9 111.79 131.1 131.21 132.81 128.18 169.79 70.45 186.09 117.03 162.63 0 86.62 147.25 143.22 144.58 120.67 116.22 38.74 79.16 154.24 69.62 85.28 96.18 107.9 77.8 109.59 73.54 74.89 73.03 63.78 89.86 86.48 24.61 76.73 72.74 86.51 163.68 152.49 142.64 139.05 162.15 156.26 68.18 109.23 39.21 165.51 146.83 122.89 73.28 153.03 20.56 29.65 140.1 31.19 184.7 77.26 165.83 31.9 107.17 39.07 131.79 181.22 27.7 110.05 98.77 149.39 69.67 174.32 80.85 58.21 158.63 102.42 128.04 93.95 
128.87 56.96 26.61 137.98 114.37 35.94 73.72 71.64 118.85 99.99 49.22 94.09 112.95 38.92 30.2 87.83 111.39 26.01 113.16 53.61 78.1 86.89 70.45 115.97 146.63 131.53 50.28 91.39 139.89 97.94 47.94 114.02 122.4 158.58 50.57 142.55 86.62 0 64.21 105.75 141.43 34.12 46.8 88.18 44.39 91.93 21.73 63.57 16.13 109.44 35.96 73.58 29.33 95.82 34.96 54.76 17.16 53.85 71.47 13 76.45 127.82 103.51 99.54 97.75 107.79 145.77 139.79 130.1 88.17 77.35 81.54 65.81 87.59 48.88 66.42 97.4 57.69 78.56 72.79 100.82 60.32 117.31 76.52 43.67 92.47 52.46 107.82 65.86 72.99 109.22 65.37 53.7 89.51 85.18 42.42 72.63 16.6 52.22 71.97 
80.55 65.65 75.43 115.62 66.62 83.96 23.29 97.63 155.88 54.35 85.52 142.45 128 80.32 73.26 71.75 47.81 38.24 118.13 42.17 85.48 124.28 91.38 140.92 114.06 172.83 48.49 81.15 152.6 89.33 59.68 76.62 164.51 138.8 41.46 132.5 147.25 64.21 0 91.15 145.18 34.62 38.61 152.39 77.64 54.13 77.64 88.38 51.35 126.04 95 78.21 75.19 129.66 77.65 96.05 57.39 78.58 135.04 76.95 109.71 163.39 64.04 70.54 78.81 98.41 138.06 133.42 175.73 97.05 127.25 18.43 61.82 83.89 85.29 29.35 153.95 117.6 49.27 126.35 37.46 91.39 87.07 129.29 48.32 142.38 62.43 50.4 122.52 77.03 131.86 51.37 91.35 59.62 144.11 92.22 19.94 53.69 24.92 90.17 
61.72 145.64 89.18 32.68 56.39 88.16 69.91 59.76 103.29 52.52 73.51 112.57 55.31 80.18 83.2 20.07 115.52 96 37.26 126.35 35.54 84.33 52.87 76.17 47.38 122.51 57.12 14.45 71.12 10.43 136.93 37.57 117.43 52.96 60.13 41.46 143.22 105.75 91.15 0 57.68 105.36 64.95 169.27 71.09 42.89 97.43 58.43 91.6 56.07 140.02 35.53 85.93 81.81 81.99 80.6 88.6 60.64 146.4 115.05 72.38 106.68 41.51 25.92 12.6 9.66 46.92 42.43 131.89 35.5 106.08 101.27 146.83 20.77 73.66 119.75 137.11 120.86 42 112.31 110.53 66.5 26.25 112.52 63.25 115.34 141.21 75.74 116.31 35.53 67.37 138.54 75.2 150.69 185.26 91.67 110.78 110.85 71.54 49.28 
114.22 191.16 117.67 57.94 112.22 111.93 125.81 72.6 77.09 110.05 95.32 103.33 33.17 105.4 112.46 74.33 173.14 140.48 28.67 175.2 64.7 78.38 71.51 48.4 80.51 93.1 102.37 64.31 20.58 56.3 181.88 92.21 92.17 54.19 107.83 30.8 144.58 141.43 145.18 57.68 0 151.9 112.35 179.14 97.84 100.51 125.72 78.76 131.15 37.24 169.95 70.89 114.3 69.78 108.82 95.96 125.56 87.68 156.81 146.78 75.99 75.34 98.63 83.5 69.9 48.54 25.51 23.12 106.02 53.58 105.79 157.35 194.85 61.51 95.63 172.23 131.02 132.31 97.73 115 167.86 84.19 78.06 113.21 106.69 107.46 186.48 133.14 123.06 71.86 45.91 188.18 93.23 203.59 207.14 111.09 165.1 151.56 122.61 69.59 
110.99 40.29 54.13 134.79 96.45 63.96 51.78 90.5 144.79 82.68 71.87 124.42 128.23 63.44 54.58 85.41 79.11 12.66 123.34 24.35 87.47 112.21 86.52 136.23 138.13 159.52 49.81 92.38 154.8 100.25 31.67 101.85 150.6 157.29 45.41 145.98 120.67 34.12 34.62 105.36 151.9 0 40.6 120.59 64.74 78.32 52.96 81.17 27.76 125.38 60.8 81.02 55.36 119.74 59.77 80.54 35.55 70.39 105.24 45.53 99.34 153.27 89.73 91.14 94.57 110.26 150.5 145.05 159.83 99.09 108 49.67 42.99 91.78 71.57 32.55 130.64 91.51 68.12 104.79 68.53 81.06 109.16 108.29 45.22 123.39 35.86 83.87 98.85 80.05 128.15 37.63 77.48 58.83 109.56 71.83 38.85 20.05 35.73 86.68 
82.48 80.85 44.3 95.28 68.16 50.61 33.1 59.04 117.31 53.85 48.31 105.54 91.4 45.13 40.2 45.19 82.67 31.19 84.08 62.96 49.1 85.91 52.93 102.84 101.16 134.43 10.42 51.8 117.1 59.66 72.02 67.34 126.22 117.35 4.83 105.39 116.22 46.8 38.61 64.95 112.35 40.6 0 128.9 40.55 45.16 49.6 49.78 30.74 89.05 82.75 42.11 42.8 91.07 43.39 59.17 31.68 40.12 108.61 58.88 71.22 124.78 56.71 53.66 54.68 69.66 109.93 104.51 137.82 60.91 91.22 55.95 82.98 51.45 48.13 61.11 119.85 87.24 31.84 91.72 73.31 53.06 71.74 94.21 10.07 105.91 76.35 65.45 89.62 41.01 93.96 75.85 53.99 92.25 131.82 58.43 57.14 47.24 13.92 51.94 
209.77 123.17 85.6 200.92 196.06 82.78 160.03 112.21 116.99 182.08 95.85 81.55 145.99 90.6 90.88 157.28 199.33 114.17 157.37 133.36 133.97 101.09 117.52 134.87 216.09 116.52 127.45 155.85 167.42 159.13 118.16 190.51 109.19 216.31 131.06 194.11 38.74 88.18 152.39 169.27 179.14 120.59 128.9 0 99.37 171.81 79.35 111.17 102.19 141.94 63.96 133.97 87.98 110.57 89.95 89.06 98.11 109.03 23.01 75.52 104.14 125.13 182.45 173.73 166.3 166.74 194.47 188.39 106.25 137.95 73.86 169.53 135.72 148.5 95.72 150.66 58.82 48.69 157.46 64.31 188.74 103.24 189.12 66.55 121.6 77.18 120.72 193.82 56.17 134.15 134.05 141.11 94.17 165.88 45.77 77.87 159.35 100.61 138.11 120.95 
112.44 98.91 19.98 103.57 99.66 17.08 73.05 27.35 80.36 86.6 7.88 65.07 68.58 9.09 14.63 57.92 123.16 52.09 70.14 88.92 37.61 47.87 26.36 72.56 117.08 96.06 33.69 57.09 95.51 61.48 89.52 91.69 87.44 121.57 39.91 102.54 79.16 44.39 77.64 71.09 97.84 64.74 40.55 99.37 0 75.09 28.26 19.26 38.05 65.06 72.68 35.62 16.56 55.02 11.43 18.63 30.75 10.92 76.97 48.96 34.6 88.66 84.74 74.64 67.02 70.27 104.83 98.68 98.17 45.69 50.75 95.72 105.6 50.59 7.66 94.32 80.17 52.38 60.94 52.02 113.65 16.57 89.76 54.17 30.53 65.37 94.21 103.06 51.59 35.56 65.26 102.08 13.73 123.29 114.78 21.78 94.15 57.18 54.14 28.35 
37.98 116.64 86.21 61.98 24.58 89.95 30.91 79.46 134.48 12.42 81.19 133.86 93.05 82.74 80.99 29.03 72.64 73.04 77.67 94.49 56.71 108.36 71.47 111.45 60.45 153.47 44.41 39.14 112.76 45.74 109.11 23.54 146.79 85.15 41.78 81.92 154.24 91.93 54.13 42.89 100.51 78.32 45.16 171.81 75.09 0 92.86 73.11 75.83 92.59 127.84 50.9 83.88 109.52 82.51 91.48 76.59 68.51 150.42 104.01 93.76 139.79 11.69 17.84 30.67 52.03 88.13 84.4 160.4 64.83 122.77 60.38 114.89 46.29 81.16 83.45 153.73 126.99 14.37 126.05 67.84 80.02 32.96 127.59 50.53 135.47 112.75 34.62 126.61 49.9 102.04 105.04 85.53 112.88 176.97 96.48 72.24 90.5 42.92 68.48 
130.8 78.6 8.4 130.1 116.89 15.05 81.46 53.72 97.35 102.81 30.65 72.54 95.42 20.34 14.31 81.92 125.44 42.05 98.3 74.55 65.52 65.71 54.27 96.18 141.79 109.8 48.47 83.07 122.06 88.38 69.65 112.73 100.67 149.02 51.73 130.64 69.62 21.73 77.64 97.43 125.72 52.96 49.6 79.35 28.26 92.86 0 46.97 26.7 91.69 44.43 62.64 11.81 74.96 16.95 34.01 20.29 39.07 59.17 21.47 56.3 106.38 103.81 96.62 91.62 97.62 133.05 126.91 108.47 73.95 55.84 95.9 87.53 77.53 30.33 85.43 77.84 39.97 78.59 51.91 115.09 42.02 113.29 55.49 42.39 71.08 74.14 114.84 46.02 62.36 90.08 86.72 34.04 110.44 87.88 20.74 89.57 38.03 59.67 56.51 
108.19 117.16 38.92 89.76 96.92 33.68 78.95 9.47 67.58 85.4 17.07 60.79 49.38 26.71 33.85 49.87 130.89 68.61 51.48 105.51 22.91 36.95 7.34 55.07 105.7 85.06 40.26 45.84 76.35 48.13 107.75 85.41 77.18 105.91 47.35 85.4 85.28 63.57 88.38 58.43 78.76 81.17 49.78 111.17 19.26 73.11 46.97 0 55.91 45.93 91.31 24.43 35.57 41.31 30.06 22.2 49.12 10.79 88.21 68.05 21.95 75.01 80.89 68.11 57.41 55.59 87.12 80.93 89.6 27.95 50.21 105.54 123.15 37.79 17.33 108.67 81.53 62.57 60.24 54.92 122.14 8.08 80.59 55.76 40.22 62.38 112.44 104.85 58.03 25 47.09 118.79 17.06 138.75 131.32 34.73 106.54 75.72 63.6 10.14 
112.76 61.26 26.53 123.42 98.27 36.28 58.27 64.88 117.37 83.89 44.71 96.77 104.67 35.81 26.85 73.02 99.13 15.74 102.55 51.33 66.69 84.81 62.06 110.49 131.16 131.82 35.04 77.43 131.61 84.42 51.85 98.05 122.87 144.55 34.66 129.75 96.18 16.13 51.35 91.6 131.15 27.76 30.74 102.19 38.05 75.83 26.7 55.91 0 101.47 52.02 61.33 27.61 92.7 32.07 52.91 7.8 45.33 83.89 28.67 72.44 125.97 87.42 83.87 82.9 94.43 133.4 127.56 132.08 77.58 80.46 69.43 67.56 74.49 44.39 59.57 104.34 66.57 62.55 77.74 88.7 54.61 101.77 81.1 28.56 95.86 56.54 92.34 72.55 60.59 102.9 64.33 50.15 86.52 101.29 44.26 62.92 20.41 36.5 62.89 
117.7 162.68 84.1 74.81 111.13 77.18 110.69 38.02 48.81 104.32 61.06 68.06 4.09 71.48 79.46 63.57 161.99 113.12 21.52 149.55 40.59 41.58 39.43 20.15 96.55 67.62 78.64 53.63 30.47 48.42 153.27 93.38 63.78 81.46 85.23 56.69 107.9 109.44 126.04 56.07 37.24 125.38 89.05 141.94 65.06 92.59 91.69 45.93 101.47 0 135.18 47.87 80.87 33.9 75.21 59.97 94.94 56.21 119.58 113.11 39 51 95.15 79.21 64.35 47.19 55.02 49.5 78.38 29.3 68.86 141.05 168.03 46.42 61.39 150.12 95.55 95.14 84.74 77.91 154.87 49.68 82.12 76.28 81.23 71.93 157.96 127.2 85.84 49.06 12.09 162.82 58.03 181.11 170.4 75.3 145.55 121.52 101.54 38.77 
164.56 59.63 52.72 172.56 150 58.1 108.09 97.54 132.89 135.62 74.63 101.5 139.03 64.61 58.39 122.91 139.57 58.17 142.71 69.89 109.64 104.21 98.63 137.41 182.2 141.43 85.94 125.57 165.27 131.55 54.22 149.97 132.37 192.39 86.52 174.8 77.8 35.96 95 140.02 169.95 60.8 82.75 63.96 72.68 127.84 44.43 91.31 52.02 135.18 0 106.21 56.15 114.28 61.37 75.59 52.36 83.43 55.48 24.99 97.89 142.14 139.44 135.34 132.82 141.1 177.37 171.25 136.49 118.36 85.75 110.42 72 120.86 74.33 88.11 94.58 56.08 114.51 77.83 129.04 85.85 152.99 81.83 79.32 98.51 56.91 141.95 68.05 105.81 132.34 77.16 77.15 101.93 49.78 60.31 98.26 41.34 87.26 100.93 
84.34 120.36 54.28 67.95 73.77 52.67 63.42 28.95 84.16 63.32 38.13 83.84 49.81 44.71 48.33 25.54 115.36 69.64 42.32 104.49 7.29 57.54 20.98 63.97 82.14 102.93 31.83 21.9 75.03 25.89 111.13 61.15 96.01 86.4 37.91 69 109.59 73.58 78.21 35.53 70.89 81.02 42.11 133.97 35.62 50.9 62.64 24.43 61.33 47.87 106.21 0 50.94 58.75 46.69 46.02 56.73 25.13 111.2 81.48 43.19 90.1 57.46 43.92 33.05 34.99 72.25 66.33 109.51 18.92 74.41 93.28 123.99 14.99 38.27 103.06 105.78 85.81 39.7 79.35 107.7 32.36 56.24 80.15 35.8 85.84 115.7 84.4 82.18 1.2 54.61 117.58 40.34 134.3 150.18 56.22 97.82 81.62 53.89 17.73 
121.83 85.67 3.43 118.58 108.25 8.89 75.7 42.86 90.53 94.44 20.02 69.25 84.52 9.62 2.93 70.98 122.53 43.22 86.69 78.59 53.72 58.17 42.79 86.66 130.78 104.4 39.67 71.63 111.32 76.74 76.42 102.8 95.41 137.3 44.03 118.83 73.54 29.33 75.19 85.93 114.3 55.36 42.8 87.98 16.56 83.88 11.81 35.57 27.61 80.87 56.15 50.94 0 66.76 5.71 25.92 19.85 27.29 66.62 32.49 47.15 99.33 94.47 86.32 80.55 85.9 121.26 115.13 104.48 62.22 53.11 93.61 93.51 65.87 19.68 87 78.77 44.45 69.52 51.24 112.46 31.3 102.59 54.34 34.24 68.5 81.06 108.14 47.54 50.7 80.04 91.36 24.39 114.05 99.35 17.14 89.26 43.96 54.57 44.89 
140.69 152.41 69.24 106.14 131.55 60.04 119.65 32.29 26.28 121.92 48 34.17 37.6 57.42 66.53 82.16 171.8 107.09 53.89 143.86 52.87 10.29 39.49 24.66 126.68 44.35 81.53 74.29 56.87 72.13 143.16 116.48 37.28 114.95 88.63 90.4 74.89 95.82 129.66 81.81 69.78 119.74 91.07 110.57 55.02 109.52 74.96 41.31 92.7 33.9 114.28 58.75 66.76 0 61.37 41.08 85.11 51.23 89.02 95.74 20.46 33.88 115.11 100.18 86.47 74.66 88.92 83.35 51.05 46.97 36.71 146.83 159.98 65.56 48.32 148.94 61.67 66.39 98.31 46.36 163.26 39 107.74 44.04 81.4 38.05 147.8 143.12 55.51 59.81 23.9 156.98 42.66 178.28 143.06 54.97 147.59 110.66 104.9 41.79 
120.32 91.08 8.91 114.58 107.02 7.48 76.48 37.19 85.47 93.46 14.32 65.53 78.86 3.98 5.24 67.85 124.55 47.41 81.36 83.34 48.99 53 37.34 81.01 127.45 99.76 38.92 67.83 105.65 72.57 81.8 100.57 90.83 132.87 44.01 113.97 73.03 34.96 77.65 81.99 108.82 59.77 43.39 89.95 11.43 82.51 16.95 30.06 32.07 75.21 61.37 46.69 5.71 61.37 0 20.87 24.29 22.34 68.05 38.04 41.6 94.19 92.78 83.83 77.24 81.52 116.24 110.09 100.32 57.06 49.77 96.03 98.7 61.68 13.98 90.96 76.78 44.66 68.17 48.85 114.64 25.61 99.63 51.67 34.14 65.06 86.45 108.2 46.24 46.54 74.35 96.23 18.83 118.58 103.52 15.05 92.52 49.29 55.94 39.57 
128 111.49 28.22 111.9 115.88 19 91.55 24.02 64.64 103.39 10.95 46.47 63.92 17.11 26.11 70.92 141.78 68.08 70.62 104.2 45.1 32.26 28.49 62.37 127.83 79 52 67.78 89.76 70.32 102.29 106.05 70.14 127.54 58.42 106.19 63.78 54.76 96.05 80.6 95.96 80.54 59.17 89.06 18.63 91.48 34.01 22.2 52.91 59.97 75.59 46.02 25.92 41.08 20.87 0 45.14 23.01 66.08 55.14 22.49 73.41 100.37 88.75 79.04 77.69 107.32 101.14 80.16 49.14 32.27 114.21 119.43 59.92 11.1 111.35 62.42 40.41 77.7 34.57 132.25 14.19 102.22 36.25 49.15 46.74 106.9 120.89 36.21 46.41 56.8 117.1 5.97 139.37 111.45 15.36 112.07 69.86 72.76 31.89 
114.13 68.18 18.96 120.85 99.84 28.58 61.94 57.88 109.65 85.52 37.14 89.07 98.24 28.05 19.07 70.78 105.17 23.39 97.08 59.07 61.58 77.1 55.54 103.31 129.85 124.03 33.61 74.24 125.22 80.82 58.79 98.02 115.08 141.43 34.83 125.62 89.86 17.16 57.39 88.6 125.56 35.55 31.68 98.11 30.75 76.59 20.29 49.12 7.8 94.94 52.36 56.73 19.85 85.11 24.29 45.14 0 38.75 78.88 27.69 64.92 118.29 88 83.04 80.7 90.7 128.97 123.03 124.32 72.05 72.82 75.69 74.96 70.54 36.82 67.21 97.25 60.21 62.79 70.35 94.85 47.31 100.63 73.65 26.99 88.22 63.48 95.74 65.53 56.09 95.9 72.02 42.49 94.31 100.59 36.65 70.04 26.61 40.02 56.63 
105.03 106.58 30.72 92.97 92.87 27.7 70.73 20.16 77.36 80.47 13.39 67.08 59.51 19.84 25.09 48.66 122.19 57.83 59.67 94.73 26.71 45.79 16.8 65.84 107.09 94.31 31.25 46.89 86.49 50.86 97.17 83.35 86.12 110.71 38.21 91.64 86.48 53.85 78.58 60.64 87.68 70.39 40.12 109.03 10.92 68.51 39.07 10.79 45.33 56.21 83.43 25.13 27.29 51.23 22.34 23.01 38.75 0 86.36 59.42 31.13 85.09 77.38 66.1 57.35 59.48 93.99 87.85 97.95 34.98 54.54 96.07 112.42 40 13.47 98.1 85.27 61.21 54.83 57.57 113.15 13.05 80.36 59.11 30.27 68.09 101.86 98.55 58.8 25.19 57.84 108.01 17.04 128.04 125.64 31.17 96.36 65.32 54.03 18.13 
188.31 114.54 64.55 177.96 174.84 60.71 140.6 89.22 98.03 161.06 73.1 62.49 123.65 68.37 69.48 134.81 182.63 97.26 134.55 121.03 111.05 79.26 94.53 113.57 193.33 100.18 106.29 133.08 145.81 136.23 108.18 168.48 92.1 193.31 110.38 171.19 24.61 71.47 135.04 146.4 156.81 105.24 108.61 23.01 76.97 150.42 59.17 88.21 83.89 119.58 55.48 111.2 66.62 89.02 68.05 66.08 78.88 86.36 0 59.78 81.42 106.64 160.81 151.55 143.69 143.76 171.65 165.55 91.59 114.95 52.5 152.78 126.57 125.64 72.97 136.75 44.57 25.69 136.06 42.72 172.1 80.26 166.62 45.47 100.72 58.3 111.41 173.97 33.79 111.4 112.15 130.32 71.24 155.35 57.56 55.29 144.01 85.8 118.76 97.97 
141.26 61.08 29.14 147.58 126.83 36.37 86.66 75.11 117.05 112.46 52.05 89.39 116.82 41.66 34.38 97.96 123.84 38.72 119.05 62.3 85.2 86.17 75.27 117.47 157.36 128.17 61.28 100.61 143.5 106.66 52.89 125.69 118.99 167.5 62.35 150.28 76.73 13 76.95 115.05 146.78 45.53 58.88 75.52 48.96 104.01 21.47 68.05 28.67 113.11 24.99 81.48 32.49 95.74 38.04 55.14 27.69 59.42 59.78 0 77.57 126.2 115.51 110.71 107.86 116.28 153.05 146.97 125.42 94.38 72.71 94.02 71.5 96.02 51.73 77.05 89.33 48.97 90.37 66.79 113.24 63.43 128.23 70.71 54.67 87.24 57 120.76 58.67 81.03 111.51 72.92 55.49 97.71 72.98 40.8 84.37 26.07 65.07 77.3 
127.36 132.62 49.88 100.78 116.95 41.27 100.89 14.31 46.3 106.16 27.8 40.85 43.07 37.63 46.65 68.32 152.8 86.68 53.3 123.5 38.83 15.02 22.31 39.91 119.33 63.26 62.01 62.14 67.93 62.04 123.31 103.77 55.26 113.4 69.07 90.31 72.74 76.45 109.71 72.38 75.99 99.34 71.22 104.14 34.6 93.76 56.3 21.95 72.44 39 97.89 43.19 47.15 20.46 41.6 22.49 64.92 31.13 81.42 77.57 0 54.27 100.65 86.75 74.36 67.07 90.38 84.33 67.7 37.18 34.12 127.14 139.87 53.37 28.12 128.52 64.77 56.45 81.49 41.61 143.98 18.59 96.98 41.03 61.39 43.21 127.97 126.3 48.07 44.08 34.48 136.65 22.78 157.83 131.41 37.59 127.38 90.8 85.11 25.47 
167.93 184.74 101.52 124.87 160.31 91.9 152.54 65.79 9.25 152.02 81.41 44.16 52.68 90.31 99.42 111.3 204.74 140.65 72.1 177.27 83.5 41.2 72.47 30.97 147.07 17.78 115.09 102.23 56.06 98.26 175.6 143.52 18.48 128.02 122.19 103.13 86.51 127.82 163.39 106.68 75.34 153.27 124.78 125.13 88.66 139.79 106.38 75.01 125.97 51 142.14 90.1 99.33 33.88 94.19 73.41 118.29 85.09 106.64 126.2 54.27 0 144 128.37 113.83 98.07 99.54 95.24 30.94 75.11 57.12 180.38 192.84 94.01 81.71 182.78 67.69 88.91 129.72 66.3 196.46 72.85 132.88 62.66 115.2 48.36 180.19 174.07 76.62 91.25 39.33 190.3 75.84 211.94 163.76 85.74 181.44 143.24 138.57 74.31 
27.71 127.64 96.94 54.45 16.44 100.16 40.79 86.4 139.29 12.16 90.4 141.24 95.12 92.74 91.57 32.97 76.27 84.69 78.27 105.17 62.41 114.86 78.41 114.68 50.02 158.46 55.36 41.81 112.61 46.89 120.29 12.58 152.23 77.3 53.18 77.1 163.68 103.51 64.04 41.51 98.63 89.73 56.71 182.45 84.74 11.69 103.81 80.89 87.42 95.15 139.44 57.46 94.47 115.11 92.78 100.37 88 77.38 160.81 115.51 100.65 144 0 16.01 30.92 51.13 83.63 80.58 166.15 68.99 131 68.12 125.43 50.03 90.41 93.14 162.2 136.98 25.29 134.85 72.93 88.2 24.77 136.17 61.64 143.12 123.83 34.56 135.99 56.6 105.4 115.31 94.4 121.75 188.48 106.37 81.21 102.18 54.5 75.19 
40.67 130.64 89.12 45.1 31.99 90.96 47.76 72.69 123.9 26.61 79.44 127.56 79.12 83.2 83.41 18.44 90.01 84.06 62.32 109.38 48.01 100.55 64.79 98.82 47.52 143.12 49.44 26.17 96.85 30.89 122.6 17.33 137.11 68.27 49.32 64.08 152.49 99.54 70.54 25.92 83.5 91.14 53.66 173.73 74.64 17.84 96.62 68.11 83.87 79.21 135.34 43.92 86.32 100.18 83.83 88.75 83.04 66.1 151.55 110.71 86.75 128.37 16.01 0 14.91 35.44 70.31 66.67 151.19 53.59 118.27 78.05 129.95 34.69 79.49 99.85 149.62 126.96 23.03 122.84 85.57 75.8 18.15 123.84 56.05 129.69 126.51 49.84 124.84 43.21 89.59 120.59 82.83 129.87 183.34 96.41 89.31 100.8 55.48 61.4 
