30 20 3

3 6 10 

0 0
0 114.47 65.15 103.02 169.74 192.09 31.37 186.51 150.22 30.95 107.69 103.44 120.99 177.02 83.04 226.72 114.09 158.44 100.85 86.68 117 108.8 115.03 170.56 138.06 114.67 174.14 136.21 120.25 196.33 
114.47 0 51.53 51.98 141.06 79.94 143.62 145.46 132.35 102.24 40.79 27.01 58.49 157.6 55.19 137.04 17.24 62.94 67.13 34.83 104.47 8.96 20.23 85.05 48 88.53 127.39 23.46 17.12 106.34 
65.15 51.53 0 64.22 132.58 127.04 92.76 144.17 117.36 50.82 61.52 38.55 80.9 145.32 28.16 166.15 48.98 106.39 50.77 35.85 83.18 44.64 49.88 109.69 74.49 72.37 128.32 74.65 55.19 135.03 
103.02 51.98 64.22 0 186.69 121.84 134.36 193.82 174.8 105.68 12.19 70.63 18.24 201.8 86.2 188.11 67.28 58.06 105.97 29.47 142.77 56.11 70.31 137.02 99.81 129 176.17 57.67 68.9 157.82 
169.74 141.06 132.58 186.69 0 148.91 177.94 21.34 20.87 138.88 178.29 116.68 198.03 18.39 104.66 108.56 123.84 199.38 82.36 158.44 52.94 133.69 120.89 85.33 100.62 60.24 25.91 154.65 125.51 96.18 
192.09 79.94 127.04 121.84 148.91 0 219.38 141.52 151.54 174.75 109.78 89.73 117.98 167.25 117.18 83.16 78.07 87.09 113.76 114.09 139.7 83.85 77.4 63.73 63.52 123.99 125.21 64.48 71.86 63.54 
31.37 143.62 92.76 134.36 177.94 219.38 0 196.64 157.39 46.39 139 129.76 152.29 182.19 105.52 247 141.42 189.7 119.65 117.51 127.25 137.29 141.99 191.91 162.24 128.87 186.54 165.98 147.72 217.61 
186.51 145.46 144.17 193.82 21.34 141.52 196.64 0 41.5 155.93 184.51 123.19 203.62 32.56 116.01 91.31 128.35 200.37 93.41 166.69 69.79 138.92 125.3 78.23 101.11 73.35 18.25 156.21 128.98 83.67 
150.22 132.35 117.36 174.8 20.87 151.54 157.39 41.5 0 119.28 167.31 106.49 187.44 28.07 90.17 122.12 115.41 193.06 68.9 145.84 34.82 124.33 112.63 89.75 96.91 45.88 39.53 148.39 118.03 105.25 
30.95 102.24 50.82 105.68 138.88 174.75 46.39 155.93 119.28 0 106.89 85.09 123.82 146.09 59.3 200.86 97.49 155.33 73.59 82.25 86.26 94.93 97.69 145.56 116.17 84.95 144.07 125.45 103.85 171.28 
107.69 40.79 61.52 12.19 178.29 109.78 139 184.51 167.31 106.89 0 61.65 20.34 193.88 80.46 176.17 56.83 50.9 98.88 25.7 136.22 45.82 59.9 125.64 88.78 121.77 166.67 45.51 57.88 146.02 
103.44 27.01 38.55 70.63 116.68 89.73 129.76 123.19 106.49 85.09 61.65 0 81.38 132.52 30.32 129.79 13.49 89.91 40.14 44.44 77.59 18.28 12.84 73.97 36.9 61.88 105.58 48.09 19.56 98.47 
120.99 58.49 80.9 18.24 198.03 117.98 152.29 203.62 187.44 123.82 20.34 81.38 0 213.83 100.76 189.82 75.34 43.73 119.15 45.19 156.54 64.71 78.41 141.71 105.97 141.99 185.64 56.68 75.49 160.53 
177.02 157.6 145.32 201.8 18.39 167.25 182.19 32.56 28.07 146.09 193.88 132.52 213.83 0 117.93 123.64 140.44 216.81 96.26 173.09 62.86 149.94 137.55 103.62 118.47 73.4 43.19 172.03 142.45 113.5 
83.04 55.19 28.16 86.2 104.66 117.18 105.52 116.01 90.17 59.3 80.46 30.32 100.76 117.93 0 143.72 43.81 117.35 22.61 56.75 56.84 46.3 42.88 87.54 56.91 44.61 100.29 77.77 49.77 113.31 
226.72 137.04 166.15 188.11 108.56 83.16 247 91.31 122.12 200.86 176.17 129.79 189.82 123.64 143.72 0 125.23 167.21 127.36 170.16 131.02 135.69 122.75 56.5 93.01 122 83.34 133.19 121.43 31.34 
114.09 17.24 48.98 67.28 123.84 78.07 141.42 128.35 115.41 97.49 56.83 13.49 75.34 140.44 43.81 125.23 0 78.53 51.77 45.09 88.47 11.21 3.08 71.09 33.19 72.23 110.33 35.33 6.36 94.03 
158.44 62.94 106.39 58.06 199.38 87.09 189.7 200.37 193.06 155.33 50.9 89.91 43.73 216.81 117.35 167.21 78.53 0 129.94 73.25 166.99 71.84 81.03 128.23 99.35 150.75 182.15 44.79 75.16 141.32 
100.85 67.13 50.77 105.97 82.36 113.76 119.65 93.41 68.9 73.59 98.88 40.14 119.15 96.26 22.61 127.36 51.77 129.94 0 76.95 37.66 58.4 49.64 72.8 50.29 23.03 77.84 87.04 56.27 98.26 
86.68 34.83 35.85 29.47 158.44 114.09 117.51 166.69 145.84 82.25 25.7 44.44 45.19 173.09 56.75 170.16 45.09 73.25 76.95 0 113.43 34.49 47.77 116.09 78.15 99.97 149.4 51.84 48.79 139.04 
117 104.47 83.18 142.77 52.94 139.7 127.25 69.79 34.82 86.26 136.22 77.59 156.54 62.86 56.84 131.02 88.47 166.99 37.66 113.43 0 95.86 86.06 85.33 78.28 16.7 59.51 123.3 92.31 107.14 
108.8 8.96 44.64 56.11 133.69 83.85 137.29 138.92 124.33 94.93 45.82 18.28 64.71 149.94 46.3 135.69 11.21 71.84 58.4 34.49 95.86 0 14.22 82.08 44.27 80.08 120.99 31.81 14.33 104.61 
115.03 20.23 49.88 70.31 120.89 77.4 141.99 125.3 112.63 97.69 59.9 12.84 78.41 137.55 42.88 122.75 3.08 81.03 49.64 47.77 86.06 14.22 0 68.33 30.4 69.73 107.27 37.41 6.96 91.5 
170.56 85.05 109.69 137.02 85.33 63.73 191.91 78.23 89.75 145.56 125.64 73.97 141.71 103.62 87.54 56.5 71.09 128.23 72.8 116.09 85.33 82.08 68.33 0 37.94 72.51 61.53 87.2 68.32 25.79 
138.06 48 74.49 99.81 100.62 63.52 162.24 101.11 96.91 116.17 88.78 36.9 105.97 118.47 56.91 93.01 33.19 99.35 50.29 78.15 78.28 44.27 30.4 37.94 0 61.88 82.87 55.13 30.93 61.67 
114.67 88.53 72.37 129 60.24 123.99 128.87 73.35 45.88 84.95 121.77 61.88 141.99 73.4 44.61 122 72.23 150.75 23.03 99.97 16.7 80.08 69.73 72.51 61.88 0 59.6 106.83 75.85 95.91 
174.14 127.39 128.32 176.17 25.91 125.21 186.54 18.25 39.53 144.07 166.67 105.58 185.64 43.19 100.29 83.34 110.33 182.15 77.84 149.4 59.51 120.99 107.27 61.53 82.87 59.6 0 137.96 110.84 70.39 
136.21 23.46 74.65 57.67 154.65 64.48 165.98 156.21 148.39 125.45 45.51 48.09 56.68 172.03 77.77 133.19 35.33 44.79 87.04 51.84 123.3 31.81 37.41 87.2 55.13 106.83 137.96 0 31 104.28 
120.25 17.12 55.19 68.9 125.51 71.86 147.72 128.98 118.03 103.85 57.88 19.56 75.49 142.45 49.77 121.43 6.36 75.16 56.27 48.79 92.31 14.33 6.96 68.32 30.93 75.85 110.84 31 0 90.41 
196.33 106.34 135.03 157.82 96.18 63.54 217.61 83.67 105.25 171.28 146.02 98.47 160.53 113.5 113.31 31.34 94.03 141.32 98.26 139.04 107.14 104.61 91.5 25.79 61.67 95.91 70.39 104.28 90.41 0 
0 1
0 114.47 65.15 103.02 169.74 192.09 31.37 186.51 150.22 30.95 107.69 103.44 120.99 177.02 83.04 226.72 114.09 158.44 100.85 86.68 117 108.8 115.03 170.56 138.06 114.67 174.14 136.21 120.25 196.33 
114.47 0 51.53 51.98 141.06 79.94 143.62 145.46 132.35 102.24 40.79 27.01 58.49 157.6 55.19 137.04 17.24 62.94 67.13 34.83 104.47 8.96 20.23 85.05 48 88.53 127.39 23.46 17.12 106.34 
65.15 51.53 0 64.22 132.58 127.04 92.76 144.17 117.36 50.82 61.52 38.55 80.9 145.32 28.16 166.15 48.98 106.39 50.77 35.85 83.18 44.64 49.88 109.69 74.49 72.37 128.32 74.65 55.19 135.03 
103.02 51.98 64.22 0 186.69 121.84 134.36 193.82 174.8 105.68 12.19 70.63 18.24 201.8 86.2 188.11 67.28 58.06 105.97 29.47 142.77 56.11 70.31 137.02 99.81 129 176.17 57.67 68.9 157.82 
169.74 141.06 132.58 186.69 0 148.91 177.94 21.34 20.87 138.88 178.29 116.68 198.03 18.39 104.66 108.56 123.84 199.38 82.36 158.44 52.94 133.69 120.89 85.33 100.62 60.24 25.91 154.65 125.51 96.18 
192.09 79.94 127.04 121.84 148.91 0 219.38 141.52 151.54 174.75 109.78 89.73 117.98 167.25 117.18 83.16 78.07 87.09 113.76 114.09 139.7 83.85 77.4 63.73 63.52 123.99 125.21 64.48 71.86 63.54 
31.37 143.62 92.76 134.36 177.94 219.38 0 196.64 157.39 46.39 139 129.76 152.29 182.19 105.52 247 141.42 189.7 119.65 117.51 127.25 137.29 141.99 191.91 162.24 128.87 186.54 165.98 147.72 217.61 
186.51 145.46 144.17 193.82 21.34 141.52 196.64 0 41.5 155.93 184.51 123.19 203.62 32.56 116.01 91.31 128.35 200.37 93.41 166.69 69.79 138.92 125.3 78.23 101.11 73.35 18.25 156.21 128.98 83.67 
150.22 132.35 117.36 174.8 20.87 151.54 157.39 41.5 0 119.28 167.31 106.49 187.44 28.07 90.17 122.12 115.41 193.06 68.9 145.84 34.82 124.33 112.63 89.75 96.91 45.88 39.53 148.39 118.03 105.25 
30.95 102.24 50.82 105.68 138.88 174.75 46.39 155.93 119.28 0 106.89 85.09 123.82 146.09 59.3 200.86 97.49 155.33 73.59 82.25 86.26 94.93 97.69 145.56 116.17 84.95 144.07 125.45 103.85 171.28 
107.69 40.79 61.52 12.19 178.29 109.78 139 184.51 167.31 106.89 0 61.65 20.34 193.88 80.46 176.17 56.83 50.9 98.88 25.7 136.22 45.82 59.9 125.64 88.78 121.77 166.67 45.51 57.88 146.02 
103.44 27.01 38.55 70.63 116.68 89.73 129.76 123.19 106.49 85.09 61.65 0 81.38 132.52 30.32 129.79 13.49 89.91 40.14 44.44 77.59 18.28 12.84 73.97 36.9 61.88 105.58 48.09 19.56 98.47 
120.99 58.49 80.9 18.24 198.03 117.98 152.29 203.62 187.44 123.82 20.34 81.38 0 213.83 100.76 189.82 75.34 43.73 119.15 45.19 156.54 64.71 78.41 141.71 105.97 141.99 185.64 56.68 75.49 160.53 
177.02 157.6 145.32 201.8 18.39 167.25 182.19 32.56 28.07 146.09 193.88 132.52 213.83 0 117.93 123.64 140.44 216.81 96.26 173.09 62.86 149.94 137.55 103.62 118.47 73.4 43.19 172.03 142.45 113.5 
83.04 55.19 28.16 86.2 104.66 117.18 105.52 116.01 90.17 59.3 80.46 30.32 100.76 117.93 0 143.72 43.81 117.35 22.61 56.75 56.84 46.3 42.88 87.54 56.91 44.61 100.29 77.77 49.77 113.31 
226.72 137.04 166.15 188.11 108.56 83.16 247 91.31 122.12 200.86 176.17 129.79 189.82 123.64 143.72 0 125.23 167.21 127.36 170.16 131.02 135.69 122.75 56.5 93.01 122 83.34 133.19 121.43 31.34 
114.09 17.24 48.98 67.28 123.84 78.07 141.42 128.35 115.41 97.49 56.83 13.49 75.34 140.44 43.81 125.23 0 78.53 51.77 45.09 88.47 11.21 3.08 71.09 33.19 72.23 110.33 35.33 6.36 94.03 
158.44 62.94 106.39 58.06 199.38 87.09 189.7 200.37 193.06 155.33 50.9 89.91 43.73 216.81 117.35 167.21 78.53 0 129.94 73.25 166.99 71.84 81.03 128.23 99.35 150.75 182.15 44.79 75.16 141.32 
100.85 67.13 50.77 105.97 82.36 113.76 119.65 93.41 68.9 73.59 98.88 40.14 119.15 96.26 22.61 127.36 51.77 129.94 0 76.95 37.66 58.4 49.64 72.8 50.29 23.03 77.84 87.04 56.27 98.26 
86.68 34.83 35.85 29.47 158.44 114.09 117.51 166.69 145.84 82.25 25.7 44.44 45.19 173.09 56.75 170.16 45.09 73.25 76.95 0 113.43 34.49 47.77 116.09 78.15 99.97 149.4 51.84 48.79 139.04 
117 104.47 83.18 142.77 52.94 139.7 127.25 69.79 34.82 86.26 136.22 77.59 156.54 62.86 56.84 131.02 88.47 166.99 37.66 113.43 0 95.86 86.06 85.33 78.28 16.7 59.51 123.3 92.31 107.14 
108.8 8.96 44.64 56.11 133.69 83.85 137.29 138.92 124.33 94.93 45.82 18.28 64.71 149.94 46.3 135.69 11.21 71.84 58.4 34.49 95.86 0 14.22 82.08 44.27 80.08 120.99 31.81 14.33 104.61 
115.03 20.23 49.88 70.31 120.89 77.4 141.99 125.3 112.63 97.69 59.9 12.84 78.41 137.55 42.88 122.75 3.08 81.03 49.64 47.77 86.06 14.22 0 68.33 30.4 69.73 107.27 37.41 6.96 91.5 
170.56 85.05 109.69 137.02 85.33 63.73 191.91 78.23 89.75 145.56 125.64 73.97 141.71 103.62 87.54 56.5 71.09 128.23 72.8 116.09 85.33 82.08 68.33 0 37.94 72.51 61.53 87.2 68.32 25.79 
138.06 48 74.49 99.81 100.62 63.52 162.24 101.11 96.91 116.17 88.78 36.9 105.97 118.47 56.91 93.01 33.19 99.35 50.29 78.15 78.28 44.27 30.4 37.94 0 61.88 82.87 55.13 30.93 61.67 
114.67 88.53 72.37 129 60.24 123.99 128.87 73.35 45.88 84.95 121.77 61.88 141.99 73.4 44.61 122 72.23 150.75 23.03 99.97 16.7 80.08 69.73 72.51 61.88 0 59.6 106.83 75.85 95.91 
174.14 127.39 128.32 176.17 25.91 125.21 186.54 18.25 39.53 144.07 166.67 105.58 185.64 43.19 100.29 83.34 110.33 182.15 77.84 149.4 59.51 120.99 107.27 61.53 82.87 59.6 0 137.96 110.84 70.39 
136.21 23.46 74.65 57.67 154.65 64.48 165.98 156.21 148.39 125.45 45.51 48.09 56.68 172.03 77.77 133.19 35.33 44.79 87.04 51.84 123.3 31.81 37.41 87.2 55.13 106.83 137.96 0 31 104.28 
120.25 17.12 55.19 68.9 125.51 71.86 147.72 128.98 118.03 103.85 57.88 19.56 75.49 142.45 49.77 121.43 6.36 75.16 56.27 48.79 92.31 14.33 6.96 68.32 30.93 75.85 110.84 31 0 90.41 
196.33 106.34 135.03 157.82 96.18 63.54 217.61 83.67 105.25 171.28 146.02 98.47 160.53 113.5 113.31 31.34 94.03 141.32 98.26 139.04 107.14 104.61 91.5 25.79 61.67 95.91 70.39 104.28 90.41 0 
0 2
0 114.47 65.15 103.02 169.74 192.09 31.37 186.51 150.22 30.95 107.69 103.44 120.99 177.02 83.04 226.72 114.09 158.44 100.85 86.68 117 108.8 115.03 170.56 138.06 114.67 174.14 136.21 120.25 196.33 
114.47 0 51.53 51.98 141.06 79.94 143.62 145.46 132.35 102.24 40.79 27.01 58.49 157.6 55.19 137.04 17.24 62.94 67.13 34.83 104.47 8.96 20.23 85.05 48 88.53 127.39 23.46 17.12 106.34 
65.15 51.53 0 64.22 132.58 127.04 92.76 144.17 117.36 50.82 61.52 38.55 80.9 145.32 28.16 166.15 48.98 106.39 50.77 35.85 83.18 44.64 49.88 109.69 74.49 72.37 128.32 74.65 55.19 135.03 
103.02 51.98 64.22 0 186.69 121.84 134.36 193.82 174.8 105.68 12.19 70.63 18.24 201.8 86.2 188.11 67.28 58.06 105.97 29.47 142.77 56.11 70.31 137.02 99.81 129 176.17 57.67 68.9 157.82 
169.74 141.06 132.58 186.69 0 148.91 177.94 21.34 20.87 138.88 178.29 116.68 198.03 18.39 104.66 108.56 123.84 199.38 82.36 158.44 52.94 133.69 120.89 85.33 100.62 60.24 25.91 154.65 125.51 96.18 
192.09 79.94 127.04 121.84 148.91 0 219.38 141.52 151.54 174.75 109.78 89.73 117.98 167.25 117.18 83.16 78.07 87.09 113.76 114.09 139.7 83.85 77.4 63.73 63.52 123.99 125.21 64.48 71.86 63.54 
31.37 143.62 92.76 134.36 177.94 219.38 0 196.64 157.39 46.39 139 129.76 152.29 182.19 105.52 247 141.42 189.7 119.65 117.51 127.25 137.29 141.99 191.91 162.24 128.87 186.54 165.98 147.72 217.61 
186.51 145.46 144.17 193.82 21.34 141.52 196.64 0 41.5 155.93 184.51 123.19 203.62 32.56 116.01 91.31 128.35 200.37 93.41 166.69 69.79 138.92 125.3 78.23 101.11 73.35 18.25 156.21 128.98 83.67 
150.22 132.35 117.36 174.8 20.87 151.54 157.39 41.5 0 119.28 167.31 106.49 187.44 28.07 90.17 122.12 115.41 193.06 68.9 145.84 34.82 124.33 112.63 89.75 96.91 45.88 39.53 148.39 118.03 105.25 
30.95 102.24 50.82 105.68 138.88 174.75 46.39 155.93 119.28 0 106.89 85.09 123.82 146.09 59.3 200.86 97.49 155.33 73.59 82.25 86.26 94.93 97.69 145.56 116.17 84.95 144.07 125.45 103.85 171.28 
107.69 40.79 61.52 12.19 178.29 109.78 139 184.51 167.31 106.89 0 61.65 20.34 193.88 80.46 176.17 56.83 50.9 98.88 25.7 136.22 45.82 59.9 125.64 88.78 121.77 166.67 45.51 57.88 146.02 
103.44 27.01 38.55 70.63 116.68 89.73 129.76 123.19 106.49 85.09 61.65 0 81.38 132.52 30.32 129.79 13.49 89.91 40.14 44.44 77.59 18.28 12.84 73.97 36.9 61.88 105.58 48.09 19.56 98.47 
120.99 58.49 80.9 18.24 198.03 117.98 152.29 203.62 187.44 123.82 20.34 81.38 0 213.83 100.76 189.82 75.34 43.73 119.15 45.19 156.54 64.71 78.41 141.71 105.97 141.99 185.64 56.68 75.49 160.53 
177.02 157.6 145.32 201.8 18.39 167.25 182.19 32.56 28.07 146.09 193.88 132.52 213.83 0 117.93 123.64 140.44 216.81 96.26 173.09 62.86 149.94 137.55 103.62 118.47 73.4 43.19 172.03 142.45 113.5 
83.04 55.19 28.16 86.2 104.66 117.18 105.52 116.01 90.17 59.3 80.46 30.32 100.76 117.93 0 143.72 43.81 117.35 22.61 56.75 56.84 46.3 42.88 87.54 56.91 44.61 100.29 77.77 49.77 113.31 
226.72 137.04 166.15 188.11 108.56 83.16 247 91.31 122.12 200.86 176.17 129.79 189.82 123.64 143.72 0 125.23 167.21 127.36 170.16 131.02 135.69 122.75 56.5 93.01 122 83.34 133.19 121.43 31.34 
114.09 17.24 48.98 67.28 123.84 78.07 141.42 128.35 115.41 97.49 56.83 13.49 75.34 140.44 43.81 125.23 0 78.53 51.77 45.09 88.47 11.21 3.08 71.09 33.19 72.23 110.33 35.33 6.36 94.03 
158.44 62.94 106.39 58.06 199.38 87.09 189.7 200.37 193.06 155.33 50.9 89.91 43.73 216.81 117.35 167.21 78.53 0 129.94 73.25 166.99 71.84 81.03 128.23 99.35 150.75 182.15 44.79 75.16 141.32 
100.85 67.13 50.77 105.97 82.36 113.76 119.65 93.41 68.9 73.59 98.88 40.14 119.15 96.26 22.61 127.36 51.77 129.94 0 76.95 37.66 58.4 49.64 72.8 50.29 23.03 77.84 87.04 56.27 98.26 
86.68 34.83 35.85 29.47 158.44 114.09 117.51 166.69 145.84 82.25 25.7 44.44 45.19 173.09 56.75 170.16 45.09 73.25 76.95 0 113.43 34.49 47.77 116.09 78.15 99.97 149.4 51.84 48.79 139.04 
117 104.47 83.18 142.77 52.94 139.7 127.25 69.79 34.82 86.26 136.22 77.59 156.54 62.86 56.84 131.02 88.47 166.99 37.66 113.43 0 95.86 86.06 85.33 78.28 16.7 59.51 123.3 92.31 107.14 
108.8 8.96 44.64 56.11 133.69 83.85 137.29 138.92 124.33 94.93 45.82 18.28 64.71 149.94 46.3 135.69 11.21 71.84 58.4 34.49 95.86 0 14.22 82.08 44.27 80.08 120.99 31.81 14.33 104.61 
115.03 20.23 49.88 70.31 120.89 77.4 141.99 125.3 112.63 97.69 59.9 12.84 78.41 137.55 42.88 122.75 3.08 81.03 49.64 47.77 86.06 14.22 0 68.33 30.4 69.73 107.27 37.41 6.96 91.5 
170.56 85.05 109.69 137.02 85.33 63.73 191.91 78.23 89.75 145.56 125.64 73.97 141.71 103.62 87.54 56.5 71.09 128.23 72.8 116.09 85.33 82.08 68.33 0 37.94 72.51 61.53 87.2 68.32 25.79 
138.06 48 74.49 99.81 100.62 63.52 162.24 101.11 96.91 116.17 88.78 36.9 105.97 118.47 56.91 93.01 33.19 99.35 50.29 78.15 78.28 44.27 30.4 37.94 0 61.88 82.87 55.13 30.93 61.67 
114.67 88.53 72.37 129 60.24 123.99 128.87 73.35 45.88 84.95 121.77 61.88 141.99 73.4 44.61 122 72.23 150.75 23.03 99.97 16.7 80.08 69.73 72.51 61.88 0 59.6 106.83 75.85 95.91 
174.14 127.39 128.32 176.17 25.91 125.21 186.54 18.25 39.53 144.07 166.67 105.58 185.64 43.19 100.29 83.34 110.33 182.15 77.84 149.4 59.51 120.99 107.27 61.53 82.87 59.6 0 137.96 110.84 70.39 
136.21 23.46 74.65 57.67 154.65 64.48 165.98 156.21 148.39 125.45 45.51 48.09 56.68 172.03 77.77 133.19 35.33 44.79 87.04 51.84 123.3 31.81 37.41 87.2 55.13 106.83 137.96 0 31 104.28 
120.25 17.12 55.19 68.9 125.51 71.86 147.72 128.98 118.03 103.85 57.88 19.56 75.49 142.45 49.77 121.43 6.36 75.16 56.27 48.79 92.31 14.33 6.96 68.32 30.93 75.85 110.84 31 0 90.41 
196.33 106.34 135.03 157.82 96.18 63.54 217.61 83.67 105.25 171.28 146.02 98.47 160.53 113.5 113.31 31.34 94.03 141.32 98.26 139.04 107.14 104.61 91.5 25.79 61.67 95.91 70.39 104.28 90.41 0 
0 3
0 114.47 65.15 103.02 169.74 192.09 31.37 186.51 150.22 30.95 107.69 103.44 120.99 177.02 83.04 226.72 114.09 158.44 100.85 86.68 117 108.8 115.03 170.56 138.06 114.67 174.14 136.21 120.25 196.33 
114.47 0 51.53 51.98 141.06 79.94 143.62 145.46 132.35 102.24 40.79 27.01 58.49 157.6 55.19 137.04 17.24 62.94 67.13 34.83 104.47 8.96 20.23 85.05 48 88.53 127.39 23.46 17.12 106.34 
65.15 51.53 0 64.22 132.58 127.04 92.76 144.17 117.36 50.82 61.52 38.55 80.9 145.32 28.16 166.15 48.98 106.39 50.77 35.85 83.18 44.64 49.88 109.69 74.49 72.37 128.32 74.65 55.19 135.03 
103.02 51.98 64.22 0 186.69 121.84 134.36 193.82 174.8 105.68 12.19 70.63 18.24 201.8 86.2 188.11 67.28 58.06 105.97 29.47 142.77 56.11 70.31 137.02 99.81 129 176.17 57.67 68.9 157.82 
169.74 141.06 132.58 186.69 0 148.91 177.94 21.34 20.87 138.88 178.29 116.68 198.03 18.39 104.66 108.56 123.84 199.38 82.36 158.44 52.94 133.69 120.89 85.33 100.62 60.24 25.91 154.65 125.51 96.18 
192.09 79.94 127.04 121.84 148.91 0 219.38 141.52 151.54 174.75 109.78 89.73 117.98 167.25 117.18 83.16 78.07 87.09 113.76 114.09 139.7 83.85 77.4 63.73 63.52 123.99 125.21 64.48 71.86 63.54 
31.37 143.62 92.76 134.36 177.94 219.38 0 196.64 157.39 46.39 139 129.76 152.29 182.19 105.52 247 141.42 189.7 119.65 117.51 127.25 137.29 141.99 191.91 162.24 128.87 186.54 165.98 147.72 217.61 
186.51 145.46 144.17 193.82 21.34 141.52 196.64 0 41.5 155.93 184.51 123.19 203.62 32.56 116.01 91.31 128.35 200.37 93.41 166.69 69.79 138.92 125.3 78.23 101.11 73.35 18.25 156.21 128.98 83.67 
150.22 132.35 117.36 174.8 20.87 151.54 157.39 41.5 0 119.28 167.31 106.49 187.44 28.07 90.17 122.12 115.41 193.06 68.9 145.84 34.82 124.33 112.63 89.75 96.91 45.88 39.53 148.39 118.03 105.25 
30.95 102.24 50.82 105.68 138.88 174.75 46.39 155.93 119.28 0 106.89 85.09 123.82 146.09 59.3 200.86 97.49 155.33 73.59 82.25 86.26 94.93 97.69 145.56 116.17 84.95 144.07 125.45 103.85 171.28 
107.69 40.79 61.52 12.19 178.29 109.78 139 184.51 167.31 106.89 0 61.65 20.34 193.88 80.46 176.17 56.83 50.9 98.88 25.7 136.22 45.82 59.9 125.64 88.78 121.77 166.67 45.51 57.88 146.02 
103.44 27.01 38.55 70.63 116.68 89.73 129.76 123.19 106.49 85.09 61.65 0 81.38 132.52 30.32 129.79 13.49 89.91 40.14 44.44 77.59 18.28 12.84 73.97 36.9 61.88 105.58 48.09 19.56 98.47 
120.99 58.49 80.9 18.24 198.03 117.98 152.29 203.62 187.44 123.82 20.34 81.38 0 213.83 100.76 189.82 75.34 43.73 119.15 45.19 156.54 64.71 78.41 141.71 105.97 141.99 185.64 56.68 75.49 160.53 
177.02 157.6 145.32 201.8 18.39 167.25 182.19 32.56 28.07 146.09 193.88 132.52 213.83 0 117.93 123.64 140.44 216.81 96.26 173.09 62.86 149.94 137.55 103.62 118.47 73.4 43.19 172.03 142.45 113.5 
83.04 55.19 28.16 86.2 104.66 117.18 105.52 116.01 90.17 59.3 80.46 30.32 100.76 117.93 0 143.72 43.81 117.35 22.61 56.75 56.84 46.3 42.88 87.54 56.91 44.61 100.29 77.77 49.77 113.31 
226.72 137.04 166.15 188.11 108.56 83.16 247 91.31 122.12 200.86 176.17 129.79 189.82 123.64 143.72 0 125.23 167.21 127.36 170.16 131.02 135.69 122.75 56.5 93.01 122 83.34 133.19 121.43 31.34 
114.09 17.24 48.98 67.28 123.84 78.07 141.42 128.35 115.41 97.49 56.83 13.49 75.34 140.44 43.81 125.23 0 78.53 51.77 45.09 88.47 11.21 3.08 71.09 33.19 72.23 110.33 35.33 6.36 94.03 
158.44 62.94 106.39 58.06 199.38 87.09 189.7 200.37 193.06 155.33 50.9 89.91 43.73 216.81 117.35 167.21 78.53 0 129.94 73.25 166.99 71.84 81.03 128.23 99.35 150.75 182.15 44.79 75.16 141.32 
100.85 67.13 50.77 105.97 82.36 113.76 119.65 93.41 68.9 73.59 98.88 40.14 119.15 96.26 22.61 127.36 51.77 129.94 0 76.95 37.66 58.4 49.64 72.8 50.29 23.03 77.84 87.04 56.27 98.26 
86.68 34.83 35.85 29.47 158.44 114.09 117.51 166.69 145.84 82.25 25.7 44.44 45.19 173.09 56.75 170.16 45.09 73.25 76.95 0 113.43 34.49 47.77 116.09 78.15 99.97 149.4 51.84 48.79 139.04 
117 104.47 83.18 142.77 52.94 139.7 127.25 69.79 34.82 86.26 136.22 77.59 156.54 62.86 56.84 131.02 88.47 166.99 37.66 113.43 0 95.86 86.06 85.33 78.28 16.7 59.51 123.3 92.31 107.14 
108.8 8.96 44.64 56.11 133.69 83.85 137.29 138.92 124.33 94.93 45.82 18.28 64.71 149.94 46.3 135.69 11.21 71.84 58.4 34.49 95.86 0 14.22 82.08 44.27 80.08 120.99 31.81 14.33 104.61 
115.03 20.23 49.88 70.31 120.89 77.4 141.99 125.3 112.63 97.69 59.9 12.84 78.41 137.55 42.88 122.75 3.08 81.03 49.64 47.77 86.06 14.22 0 68.33 30.4 69.73 107.27 37.41 6.96 91.5 
170.56 85.05 109.69 137.02 85.33 63.73 191.91 78.23 89.75 145.56 125.64 73.97 141.71 103.62 87.54 56.5 71.09 128.23 72.8 116.09 85.33 82.08 68.33 0 37.94 72.51 61.53 87.2 68.32 25.79 
138.06 48 74.49 99.81 100.62 63.52 162.24 101.11 96.91 116.17 88.78 36.9 105.97 118.47 56.91 93.01 33.19 99.35 50.29 78.15 78.28 44.27 30.4 37.94 0 61.88 82.87 55.13 30.93 61.67 
114.67 88.53 72.37 129 60.24 123.99 128.87 73.35 45.88 84.95 121.77 61.88 141.99 73.4 44.61 122 72.23 150.75 23.03 99.97 16.7 80.08 69.73 72.51 61.88 0 59.6 106.83 75.85 95.91 
174.14 127.39 128.32 176.17 25.91 125.21 186.54 18.25 39.53 144.07 166.67 105.58 185.64 43.19 100.29 83.34 110.33 182.15 77.84 149.4 59.51 120.99 107.27 61.53 82.87 59.6 0 137.96 110.84 70.39 
136.21 23.46 74.65 57.67 154.65 64.48 165.98 156.21 148.39 125.45 45.51 48.09 56.68 172.03 77.77 133.19 35.33 44.79 87.04 51.84 123.3 31.81 37.41 87.2 55.13 106.83 137.96 0 31 104.28 
120.25 17.12 55.19 68.9 125.51 71.86 147.72 128.98 118.03 103.85 57.88 19.56 75.49 142.45 49.77 121.43 6.36 75.16 56.27 48.79 92.31 14.33 6.96 68.32 30.93 75.85 110.84 31 0 90.41 
196.33 106.34 135.03 157.82 96.18 63.54 217.61 83.67 105.25 171.28 146.02 98.47 160.53 113.5 113.31 31.34 94.03 141.32 98.26 139.04 107.14 104.61 91.5 25.79 61.67 95.91 70.39 104.28 90.41 0 
0 4
0 114.47 65.15 103.02 169.74 192.09 31.37 186.51 150.22 30.95 107.69 103.44 120.99 177.02 83.04 226.72 114.09 158.44 100.85 86.68 117 108.8 115.03 170.56 138.06 114.67 174.14 136.21 120.25 196.33 
114.47 0 51.53 51.98 141.06 79.94 143.62 145.46 132.35 102.24 40.79 27.01 58.49 157.6 55.19 137.04 17.24 62.94 67.13 34.83 104.47 8.96 20.23 85.05 48 88.53 127.39 23.46 17.12 106.34 
65.15 51.53 0 64.22 132.58 127.04 92.76 144.17 117.36 50.82 61.52 38.55 80.9 145.32 28.16 166.15 48.98 106.39 50.77 35.85 83.18 44.64 49.88 109.69 74.49 72.37 128.32 74.65 55.19 135.03 
103.02 51.98 64.22 0 186.69 121.84 134.36 193.82 174.8 105.68 12.19 70.63 18.24 201.8 86.2 188.11 67.28 58.06 105.97 29.47 142.77 56.11 70.31 137.02 99.81 129 176.17 57.67 68.9 157.82 
169.74 141.06 132.58 186.69 0 148.91 177.94 21.34 20.87 138.88 178.29 116.68 198.03 18.39 104.66 108.56 123.84 199.38 82.36 158.44 52.94 133.69 120.89 85.33 100.62 60.24 25.91 154.65 125.51 96.18 
192.09 79.94 127.04 121.84 148.91 0 219.38 141.52 151.54 174.75 109.78 89.73 117.98 167.25 117.18 83.16 78.07 87.09 113.76 114.09 139.7 83.85 77.4 63.73 63.52 123.99 125.21 64.48 71.86 63.54 
31.37 143.62 92.76 134.36 177.94 219.38 0 196.64 157.39 46.39 139 129.76 152.29 182.19 105.52 247 141.42 189.7 119.65 117.51 127.25 137.29 141.99 191.91 162.24 128.87 186.54 165.98 147.72 217.61 
186.51 145.46 144.17 193.82 21.34 141.52 196.64 0 41.5 155.93 184.51 123.19 203.62 32.56 116.01 91.31 128.35 200.37 93.41 166.69 69.79 138.92 125.3 78.23 101.11 73.35 18.25 156.21 128.98 83.67 
150.22 132.35 117.36 174.8 20.87 151.54 157.39 41.5 0 119.28 167.31 106.49 187.44 28.07 90.17 122.12 115.41 193.06 68.9 145.84 34.82 124.33 112.63 89.75 96.91 45.88 39.53 148.39 118.03 105.25 
30.95 102.24 50.82 105.68 138.88 174.75 46.39 155.93 119.28 0 106.89 85.09 123.82 146.09 59.3 200.86 97.49 155.33 73.59 82.25 86.26 94.93 97.69 145.56 116.17 84.95 144.07 125.45 103.85 171.28 
107.69 40.79 61.52 12.19 178.29 109.78 139 184.51 167.31 106.89 0 61.65 20.34 193.88 80.46 176.17 56.83 50.9 98.88 25.7 136.22 45.82 59.9 125.64 88.78 121.77 166.67 45.51 57.88 146.02 
103.44 27.01 38.55 70.63 116.68 89.73 129.76 123.19 106.49 85.09 61.65 0 81.38 132.52 30.32 129.79 13.49 89.91 40.14 44.44 77.59 18.28 12.84 73.97 36.9 61.88 105.58 48.09 19.56 98.47 
120.99 58.49 80.9 18.24 198.03 117.98 152.29 203.62 187.44 123.82 20.34 81.38 0 213.83 100.76 189.82 75.34 43.73 119.15 45.19 156.54 64.71 78.41 141.71 105.97 141.99 185.64 56.68 75.49 160.53 
177.02 157.6 145.32 201.8 18.39 167.25 182.19 32.56 28.07 146.09 193.88 132.52 213.83 0 117.93 123.64 140.44 216.81 96.26 173.09 62.86 149.94 137.55 103.62 118.47 73.4 43.19 172.03 142.45 113.5 
83.04 55.19 28.16 86.2 104.66 117.18 105.52 116.01 90.17 59.3 80.46 30.32 100.76 117.93 0 143.72 43.81 117.35 22.61 56.75 56.84 46.3 42.88 87.54 56.91 44.61 100.29 77.77 49.77 113.31 
226.72 137.04 166.15 188.11 108.56 83.16 247 91.31 122.12 200.86 176.17 129.79 189.82 123.64 143.72 0 125.23 167.21 127.36 170.16 131.02 135.69 122.75 56.5 93.01 122 83.34 133.19 121.43 31.34 
114.09 17.24 48.98 67.28 123.84 78.07 141.42 128.35 115.41 97.49 56.83 13.49 75.34 140.44 43.81 125.23 0 78.53 51.77 45.09 88.47 11.21 3.08 71.09 33.19 72.23 110.33 35.33 6.36 94.03 
158.44 62.94 106.39 58.06 199.38 87.09 189.7 200.37 193.06 155.33 50.9 89.91 43.73 216.81 117.35 167.21 78.53 0 129.94 73.25 166.99 71.84 81.03 128.23 99.35 150.75 182.15 44.79 75.16 141.32 
100.85 67.13 50.77 105.97 82.36 113.76 119.65 93.41 68.9 73.59 98.88 40.14 119.15 96.26 22.61 127.36 51.77 129.94 0 76.95 37.66 58.4 49.64 72.8 50.29 23.03 77.84 87.04 56.27 98.26 
86.68 34.83 35.85 29.47 158.44 114.09 117.51 166.69 145.84 82.25 25.7 44.44 45.19 173.09 56.75 170.16 45.09 73.25 76.95 0 113.43 34.49 47.77 116.09 78.15 99.97 149.4 51.84 48.79 139.04 
117 104.47 83.18 142.77 52.94 139.7 127.25 69.79 34.82 86.26 136.22 77.59 156.54 62.86 56.84 131.02 88.47 166.99 37.66 113.43 0 95.86 86.06 85.33 78.28 16.7 59.51 123.3 92.31 107.14 
108.8 8.96 44.64 56.11 133.69 83.85 137.29 138.92 124.33 94.93 45.82 18.28 64.71 149.94 46.3 135.69 11.21 71.84 58.4 34.49 95.86 0 14.22 82.08 44.27 80.08 120.99 31.81 14.33 104.61 
115.03 20.23 49.88 70.31 120.89 77.4 141.99 125.3 112.63 97.69 59.9 12.84 78.41 137.55 42.88 122.75 3.08 81.03 49.64 47.77 86.06 14.22 0 68.33 30.4 69.73 107.27 37.41 6.96 91.5 
170.56 85.05 109.69 137.02 85.33 63.73 191.91 78.23 89.75 145.56 125.64 73.97 141.71 103.62 87.54 56.5 71.09 128.23 72.8 116.09 85.33 82.08 68.33 0 37.94 72.51 61.53 87.2 68.32 25.79 
138.06 48 74.49 99.81 100.62 63.52 162.24 101.11 96.91 116.17 88.78 36.9 105.97 118.47 56.91 93.01 33.19 99.35 50.29 78.15 78.28 44.27 30.4 37.94 0 61.88 82.87 55.13 30.93 61.67 
114.67 88.53 72.37 129 60.24 123.99 128.87 73.35 45.88 84.95 121.77 61.88 141.99 73.4 44.61 122 72.23 150.75 23.03 99.97 16.7 80.08 69.73 72.51 61.88 0 59.6 106.83 75.85 95.91 
174.14 127.39 128.32 176.17 25.91 125.21 186.54 18.25 39.53 144.07 166.67 105.58 185.64 43.19 100.29 83.34 110.33 182.15 77.84 149.4 59.51 120.99 107.27 61.53 82.87 59.6 0 137.96 110.84 70.39 
136.21 23.46 74.65 57.67 154.65 64.48 165.98 156.21 148.39 125.45 45.51 48.09 56.68 172.03 77.77 133.19 35.33 44.79 87.04 51.84 123.3 31.81 37.41 87.2 55.13 106.83 137.96 0 31 104.28 
120.25 17.12 55.19 68.9 125.51 71.86 147.72 128.98 118.03 103.85 57.88 19.56 75.49 142.45 49.77 121.43 6.36 75.16 56.27 48.79 92.31 14.33 6.96 68.32 30.93 75.85 110.84 31 0 90.41 
196.33 106.34 135.03 157.82 96.18 63.54 217.61 83.67 105.25 171.28 146.02 98.47 160.53 113.5 113.31 31.34 94.03 141.32 98.26 139.04 107.14 104.61 91.5 25.79 61.67 95.91 70.39 104.28 90.41 0 
0 5
0 114.47 65.15 103.02 169.74 192.09 31.37 186.51 150.22 30.95 107.69 103.44 120.99 177.02 83.04 226.72 114.09 158.44 100.85 86.68 117 108.8 115.03 170.56 138.06 114.67 174.14 136.21 120.25 196.33 
114.47 0 51.53 51.98 141.06 79.94 143.62 145.46 132.35 102.24 40.79 27.01 58.49 157.6 55.19 137.04 17.24 62.94 67.13 34.83 104.47 8.96 20.23 85.05 48 88.53 127.39 23.46 17.12 106.34 
65.15 51.53 0 64.22 132.58 127.04 92.76 144.17 117.36 50.82 61.52 38.55 80.9 145.32 28.16 166.15 48.98 106.39 50.77 35.85 83.18 44.64 49.88 109.69 74.49 72.37 128.32 74.65 55.19 135.03 
103.02 51.98 64.22 0 186.69 121.84 134.36 193.82 174.8 105.68 12.19 70.63 18.24 201.8 86.2 188.11 67.28 58.06 105.97 29.47 142.77 56.11 70.31 137.02 99.81 129 176.17 57.67 68.9 157.82 
169.74 141.06 132.58 186.69 0 148.91 177.94 21.34 20.87 138.88 178.29 116.68 198.03 18.39 104.66 108.56 123.84 199.38 82.36 158.44 52.94 133.69 120.89 85.33 100.62 60.24 25.91 154.65 125.51 96.18 
192.09 79.94 127.04 121.84 148.91 0 219.38 141.52 151.54 174.75 109.78 89.73 117.98 167.25 117.18 83.16 78.07 87.09 113.76 114.09 139.7 83.85 77.4 63.73 63.52 123.99 125.21 64.48 71.86 63.54 
31.37 143.62 92.76 134.36 177.94 219.38 0 196.64 157.39 46.39 139 129.76 152.29 182.19 105.52 247 141.42 189.7 119.65 117.51 127.25 137.29 141.99 191.91 162.24 128.87 186.54 165.98 147.72 217.61 
186.51 145.46 144.17 193.82 21.34 141.52 196.64 0 41.5 155.93 184.51 123.19 203.62 32.56 116.01 91.31 128.35 200.37 93.41 166.69 69.79 138.92 125.3 78.23 101.11 73.35 18.25 156.21 128.98 83.67 
150.22 132.35 117.36 174.8 20.87 151.54 157.39 41.5 0 119.28 167.31 106.49 187.44 28.07 90.17 122.12 115.41 193.06 68.9 145.84 34.82 124.33 112.63 89.75 96.91 45.88 39.53 148.39 118.03 105.25 
30.95 102.24 50.82 105.68 138.88 174.75 46.39 155.93 119.28 0 106.89 85.09 123.82 146.09 59.3 200.86 97.49 155.33 73.59 82.25 86.26 94.93 97.69 145.56 116.17 84.95 144.07 125.45 103.85 171.28 
107.69 40.79 61.52 12.19 178.29 109.78 139 184.51 167.31 106.89 0 61.65 20.34 193.88 80.46 176.17 56.83 50.9 98.88 25.7 136.22 45.82 59.9 125.64 88.78 121.77 166.67 45.51 57.88 146.02 
103.44 27.01 38.55 70.63 116.68 89.73 129.76 123.19 106.49 85.09 61.65 0 81.38 132.52 30.32 129.79 13.49 89.91 40.14 44.44 77.59 18.28 12.84 73.97 36.9 61.88 105.58 48.09 19.56 98.47 
120.99 58.49 80.9 18.24 198.03 117.98 152.29 203.62 187.44 123.82 20.34 81.38 0 213.83 100.76 189.82 75.34 43.73 119.15 45.19 156.54 64.71 78.41 141.71 105.97 141.99 185.64 56.68 75.49 160.53 
177.02 157.6 145.32 201.8 18.39 167.25 182.19 32.56 28.07 146.09 193.88 132.52 213.83 0 117.93 123.64 140.44 216.81 96.26 173.09 62.86 149.94 137.55 103.62 118.47 73.4 43.19 172.03 142.45 113.5 
83.04 55.19 28.16 86.2 104.66 117.18 105.52 116.01 90.17 59.3 80.46 30.32 100.76 117.93 0 143.72 43.81 117.35 22.61 56.75 56.84 46.3 42.88 87.54 56.91 44.61 100.29 77.77 49.77 113.31 
226.72 137.04 166.15 188.11 108.56 83.16 247 91.31 122.12 200.86 176.17 129.79 189.82 123.64 143.72 0 125.23 167.21 127.36 170.16 131.02 135.69 122.75 56.5 93.01 122 83.34 133.19 121.43 31.34 
114.09 17.24 48.98 67.28 123.84 78.07 141.42 128.35 115.41 97.49 56.83 13.49 75.34 140.44 43.81 125.23 0 78.53 51.77 45.09 88.47 11.21 3.08 71.09 33.19 72.23 110.33 35.33 6.36 94.03 
158.44 62.94 106.39 58.06 199.38 87.09 189.7 200.37 193.06 155.33 50.9 89.91 43.73 216.81 117.35 167.21 78.53 0 129.94 73.25 166.99 71.84 81.03 128.23 99.35 150.75 182.15 44.79 75.16 141.32 
100.85 67.13 50.77 105.97 82.36 113.76 119.65 93.41 68.9 73.59 98.88 40.14 119.15 96.26 22.61 127.36 51.77 129.94 0 76.95 37.66 58.4 49.64 72.8 50.29 23.03 77.84 87.04 56.27 98.26 
86.68 34.83 35.85 29.47 158.44 114.09 117.51 166.69 145.84 82.25 25.7 44.44 45.19 173.09 56.75 170.16 45.09 73.25 76.95 0 113.43 34.49 47.77 116.09 78.15 99.97 149.4 51.84 48.79 139.04 
117 104.47 83.18 142.77 52.94 139.7 127.25 69.79 34.82 86.26 136.22 77.59 156.54 62.86 56.84 131.02 88.47 166.99 37.66 113.43 0 95.86 86.06 85.33 78.28 16.7 59.51 123.3 92.31 107.14 
108.8 8.96 44.64 56.11 133.69 83.85 137.29 138.92 124.33 94.93 45.82 18.28 64.71 149.94 46.3 135.69 11.21 71.84 58.4 34.49 95.86 0 14.22 82.08 44.27 80.08 120.99 31.81 14.33 104.61 
115.03 20.23 49.88 70.31 120.89 77.4 141.99 125.3 112.63 97.69 59.9 12.84 78.41 137.55 42.88 122.75 3.08 81.03 49.64 47.77 86.06 14.22 0 68.33 30.4 69.73 107.27 37.41 6.96 91.5 
170.56 85.05 109.69 137.02 85.33 63.73 191.91 78.23 89.75 145.56 125.64 73.97 141.71 103.62 87.54 56.5 71.09 128.23 72.8 116.09 85.33 82.08 68.33 0 37.94 72.51 61.53 87.2 68.32 25.79 
138.06 48 74.49 99.81 100.62 63.52 162.24 101.11 96.91 116.17 88.78 36.9 105.97 118.47 56.91 93.01 33.19 99.35 50.29 78.15 78.28 44.27 30.4 37.94 0 61.88 82.87 55.13 30.93 61.67 
114.67 88.53 72.37 129 60.24 123.99 128.87 73.35 45.88 84.95 121.77 61.88 141.99 73.4 44.61 122 72.23 150.75 23.03 99.97 16.7 80.08 69.73 72.51 61.88 0 59.6 106.83 75.85 95.91 
174.14 127.39 128.32 176.17 25.91 125.21 186.54 18.25 39.53 144.07 166.67 105.58 185.64 43.19 100.29 83.34 110.33 182.15 77.84 149.4 59.51 120.99 107.27 61.53 82.87 59.6 0 137.96 110.84 70.39 
136.21 23.46 74.65 57.67 154.65 64.48 165.98 156.21 148.39 125.45 45.51 48.09 56.68 172.03 77.77 133.19 35.33 44.79 87.04 51.84 123.3 31.81 37.41 87.2 55.13 106.83 137.96 0 31 104.28 
120.25 17.12 55.19 68.9 125.51 71.86 147.72 128.98 118.03 103.85 57.88 19.56 75.49 142.45 49.77 121.43 6.36 75.16 56.27 48.79 92.31 14.33 6.96 68.32 30.93 75.85 110.84 31 0 90.41 
196.33 106.34 135.03 157.82 96.18 63.54 217.61 83.67 105.25 171.28 146.02 98.47 160.53 113.5 113.31 31.34 94.03 141.32 98.26 139.04 107.14 104.61 91.5 25.79 61.67 95.91 70.39 104.28 90.41 0 
0 6
0 114.47 65.15 103.02 169.74 192.09 31.37 186.51 150.22 30.95 107.69 103.44 120.99 177.02 83.04 226.72 114.09 158.44 100.85 86.68 117 108.8 115.03 170.56 138.06 114.67 174.14 136.21 120.25 196.33 
114.47 0 51.53 51.98 141.06 79.94 143.62 145.46 132.35 102.24 40.79 27.01 58.49 157.6 55.19 137.04 17.24 62.94 67.13 34.83 104.47 8.96 20.23 85.05 48 88.53 127.39 23.46 17.12 106.34 
65.15 51.53 0 64.22 132.58 127.04 92.76 144.17 117.36 50.82 61.52 38.55 80.9 145.32 28.16 166.15 48.98 106.39 50.77 35.85 83.18 44.64 49.88 109.69 74.49 72.37 128.32 74.65 55.19 135.03 
103.02 51.98 64.22 0 186.69 121.84 134.36 193.82 174.8 105.68 12.19 70.63 18.24 201.8 86.2 188.11 67.28 58.06 105.97 29.47 142.77 56.11 70.31 137.02 99.81 129 176.17 57.67 68.9 157.82 
169.74 141.06 132.58 186.69 0 148.91 177.94 21.34 20.87 138.88 178.29 116.68 198.03 18.39 104.66 108.56 123.84 199.38 82.36 158.44 52.94 133.69 120.89 85.33 100.62 60.24 25.91 154.65 125.51 96.18 
192.09 79.94 127.04 121.84 148.91 0 219.38 141.52 151.54 174.75 109.78 89.73 117.98 167.25 117.18 83.16 78.07 87.09 113.76 114.09 139.7 83.85 77.4 63.73 63.52 123.99 125.21 64.48 71.86 63.54 
31.37 143.62 92.76 134.36 177.94 219.38 0 196.64 157.39 46.39 139 129.76 152.29 182.19 105.52 247 141.42 189.7 119.65 117.51 127.25 137.29 141.99 191.91 162.24 128.87 186.54 165.98 147.72 217.61 
186.51 145.46 144.17 193.82 21.34 141.52 196.64 0 41.5 155.93 184.51 123.19 203.62 32.56 116.01 91.31 128.35 200.37 93.41 166.69 69.79 138.92 125.3 78.23 101.11 73.35 18.25 156.21 128.98 83.67 
150.22 132.35 117.36 174.8 20.87 151.54 157.39 41.5 0 119.28 167.31 106.49 187.44 28.07 90.17 122.12 115.41 193.06 68.9 145.84 34.82 124.33 112.63 89.75 96.91 45.88 39.53 148.39 118.03 105.25 
30.95 102.24 50.82 105.68 138.88 174.75 46.39 155.93 119.28 0 106.89 85.09 123.82 146.09 59.3 200.86 97.49 155.33 73.59 82.25 86.26 94.93 97.69 145.56 116.17 84.95 144.07 125.45 103.85 171.28 
107.69 40.79 61.52 12.19 178.29 109.78 139 184.51 167.31 106.89 0 61.65 20.34 193.88 80.46 176.17 56.83 50.9 98.88 25.7 136.22 45.82 59.9 125.64 88.78 121.77 166.67 45.51 57.88 146.02 
103.44 27.01 38.55 70.63 116.68 89.73 129.76 123.19 106.49 85.09 61.65 0 81.38 132.52 30.32 129.79 13.49 89.91 40.14 44.44 77.59 18.28 12.84 73.97 36.9 61.88 105.58 48.09 19.56 98.47 
120.99 58.49 80.9 18.24 198.03 117.98 152.29 203.62 187.44 123.82 20.34 81.38 0 213.83 100.76 189.82 75.34 43.73 119.15 45.19 156.54 64.71 78.41 141.71 105.97 141.99 185.64 56.68 75.49 160.53 
177.02 157.6 145.32 201.8 18.39 167.25 182.19 32.56 28.07 146.09 193.88 132.52 213.83 0 117.93 123.64 140.44 216.81 96.26 173.09 62.86 149.94 137.55 103.62 118.47 73.4 43.19 172.03 142.45 113.5 
83.04 55.19 28.16 86.2 104.66 117.18 105.52 116.01 90.17 59.3 80.46 30.32 100.76 117.93 0 143.72 43.81 117.35 22.61 56.75 56.84 46.3 42.88 87.54 56.91 44.61 100.29 77.77 49.77 113.31 
226.72 137.04 166.15 188.11 108.56 83.16 247 91.31 122.12 200.86 176.17 129.79 189.82 123.64 143.72 0 125.23 167.21 127.36 170.16 131.02 135.69 122.75 56.5 93.01 122 83.34 133.19 121.43 31.34 
114.09 17.24 48.98 67.28 123.84 78.07 141.42 128.35 115.41 97.49 56.83 13.49 75.34 140.44 43.81 125.23 0 78.53 51.77 45.09 88.47 11.21 3.08 71.09 33.19 72.23 110.33 35.33 6.36 94.03 
158.44 62.94 106.39 58.06 199.38 87.09 189.7 200.37 193.06 155.33 50.9 89.91 43.73 216.81 117.35 167.21 78.53 0 129.94 73.25 166.99 71.84 81.03 128.23 99.35 150.75 182.15 44.79 75.16 141.32 
100.85 67.13 50.77 105.97 82.36 113.76 119.65 93.41 68.9 73.59 98.88 40.14 119.15 96.26 22.61 127.36 51.77 129.94 0 76.95 37.66 58.4 49.64 72.8 50.29 23.03 77.84 87.04 56.27 98.26 
86.68 34.83 35.85 29.47 158.44 114.09 117.51 166.69 145.84 82.25 25.7 44.44 45.19 173.09 56.75 170.16 45.09 73.25 76.95 0 113.43 34.49 47.77 116.09 78.15 99.97 149.4 51.84 48.79 139.04 
117 104.47 83.18 142.77 52.94 139.7 127.25 69.79 34.82 86.26 136.22 77.59 156.54 62.86 56.84 131.02 88.47 166.99 37.66 113.43 0 95.86 86.06 85.33 78.28 16.7 59.51 123.3 92.31 107.14 
108.8 8.96 44.64 56.11 133.69 83.85 137.29 138.92 124.33 94.93 45.82 18.28 64.71 149.94 46.3 135.69 11.21 71.84 58.4 34.49 95.86 0 14.22 82.08 44.27 80.08 120.99 31.81 14.33 104.61 
115.03 20.23 49.88 70.31 120.89 77.4 141.99 125.3 112.63 97.69 59.9 12.84 78.41 137.55 42.88 122.75 3.08 81.03 49.64 47.77 86.06 14.22 0 68.33 30.4 69.73 107.27 37.41 6.96 91.5 
170.56 85.05 109.69 137.02 85.33 63.73 191.91 78.23 89.75 145.56 125.64 73.97 141.71 103.62 87.54 56.5 71.09 128.23 72.8 116.09 85.33 82.08 68.33 0 37.94 72.51 61.53 87.2 68.32 25.79 
138.06 48 74.49 99.81 100.62 63.52 162.24 101.11 96.91 116.17 88.78 36.9 105.97 118.47 56.91 93.01 33.19 99.35 50.29 78.15 78.28 44.27 30.4 37.94 0 61.88 82.87 55.13 30.93 61.67 
114.67 88.53 72.37 129 60.24 123.99 128.87 73.35 45.88 84.95 121.77 61.88 141.99 73.4 44.61 122 72.23 150.75 23.03 99.97 16.7 80.08 69.73 72.51 61.88 0 59.6 106.83 75.85 95.91 
174.14 127.39 128.32 176.17 25.91 125.21 186.54 18.25 39.53 144.07 166.67 105.58 185.64 43.19 100.29 83.34 110.33 182.15 77.84 149.4 59.51 120.99 107.27 61.53 82.87 59.6 0 137.96 110.84 70.39 
136.21 23.46 74.65 57.67 154.65 64.48 165.98 156.21 148.39 125.45 45.51 48.09 56.68 172.03 77.77 133.19 35.33 44.79 87.04 51.84 123.3 31.81 37.41 87.2 55.13 106.83 137.96 0 31 104.28 
120.25 17.12 55.19 68.9 125.51 71.86 147.72 128.98 118.03 103.85 57.88 19.56 75.49 142.45 49.77 121.43 6.36 75.16 56.27 48.79 92.31 14.33 6.96 68.32 30.93 75.85 110.84 31 0 90.41 
196.33 106.34 135.03 157.82 96.18 63.54 217.61 83.67 105.25 171.28 146.02 98.47 160.53 113.5 113.31 31.34 94.03 141.32 98.26 139.04 107.14 104.61 91.5 25.79 61.67 95.91 70.39 104.28 90.41 0 
0 7
0 114.47 65.15 103.02 169.74 192.09 31.37 186.51 150.22 30.95 107.69 103.44 120.99 177.02 83.04 226.72 114.09 158.44 100.85 86.68 117 108.8 115.03 170.56 138.06 114.67 174.14 136.21 120.25 196.33 
114.47 0 51.53 51.98 141.06 79.94 143.62 145.46 132.35 102.24 40.79 27.01 58.49 157.6 55.19 137.04 17.24 62.94 67.13 34.83 104.47 8.96 20.23 85.05 48 88.53 127.39 23.46 17.12 106.34 
65.15 51.53 0 64.22 132.58 127.04 92.76 144.17 117.36 50.82 61.52 38.55 80.9 145.32 28.16 166.15 48.98 106.39 50.77 35.85 83.18 44.64 49.88 109.69 74.49 72.37 128.32 74.65 55.19 135.03 
