30 1 3

3 6 10 

0 0
0 31.68 75.53 115.6 144.83 124.79 77.84 155.72 150.8 74.99 136.17 164.75 76.78 134.47 110.94 54.43 110.65 208.1 171.07 57.16 133.04 93.09 91.55 120.1 40.36 77.5 149.41 175.57 50.61 189.92 
31.68 0 66.58 85.87 125.49 118.26 46.16 124.94 131.24 75.79 105.69 148.78 57.97 113.45 90.18 29.84 85.62 191.86 143.66 73.29 102.13 84.84 60.04 94.98 62.68 54.96 126.86 153.29 69.04 170.66 
75.53 66.58 0 81.06 74.08 51.7 79.21 120.99 80.03 23.17 102.08 90.18 24.21 67.21 46.62 43.69 57.9 133.27 116.72 54.64 131.9 18.35 92.34 146.53 64.66 34.39 83.79 107.8 58.27 117.53 
115.6 85.87 81.06 0 72.94 108.67 47.9 41.85 76.24 104.16 21.93 101.54 57.52 58.9 49.71 62.6 30.22 137.03 60.65 129.32 63.1 87.22 46.03 99.58 130.83 48.63 62.11 84.67 129.95 109.26 
144.83 125.49 74.08 72.94 0 58.65 109.04 90.99 6.01 90.53 81.16 28.62 68.43 14.35 35.45 95.69 47.22 67.87 60.48 126.82 135.6 63.22 114.03 171.12 138.68 70.64 18.71 34.61 131.5 45.28 
124.79 118.26 51.7 108.67 58.65 0 124.3 140.03 62.51 51.79 125.02 56.53 66.91 62.83 59.26 93.6 78.65 94.02 117.96 86.14 169.08 33.44 135.14 192.37 103.29 76 76.43 90.62 92.84 88.11 
77.84 46.16 79.21 47.9 109.04 124.3 0 81.66 113.81 98.12 63.8 136.55 57.81 94.94 75.88 38.77 62.11 176.65 108.54 110.06 58.23 93.72 15.01 68.12 104.52 48.31 103.71 128.84 107.91 151.06 
155.72 124.94 120.99 41.85 90.99 140.03 81.66 0 91.66 144.15 19.98 116.8 98.35 80.06 82.04 104 64.46 142.29 45.49 170.93 62.23 124.38 73.16 110.28 172.66 90.07 73.92 85.94 171.73 112.84 
150.8 131.24 80.03 76.24 6.01 62.51 113.81 91.66 0 96.21 83.02 25.78 74.34 18.89 41.1 101.43 51.77 62.86 58.51 132.59 138.43 68.88 118.31 175.03 144.6 76.34 17.89 29.22 137.34 39.43 
74.99 75.79 23.17 104.16 90.53 51.79 98.12 144.15 96.21 0 125.25 101.36 46.89 86.14 67.84 60.05 80.75 142.86 138.19 36.74 153.07 27.34 112.11 163.64 51.91 56.72 102.81 125.06 42.4 131.1 
136.17 105.69 102.08 21.93 81.16 125.02 63.8 19.98 83.02 125.25 0 108.78 78.98 68.52 65.95 84.07 47.19 139.3 49.98 151.19 57.99 106.72 57.31 102.19 152.7 70.41 66.3 83.81 151.87 110.23 
164.75 148.78 90.18 101.54 28.62 56.53 136.55 116.8 25.78 101.36 108.78 0 90.82 42.87 61.13 119.44 75.37 43.38 80.23 137.97 164.06 75.08 142.26 199.59 152.57 95.04 42.97 40.98 143.74 31.61 
76.78 57.97 24.21 57.52 68.43 66.91 57.81 98.35 74.34 46.89 78.98 90.82 0 57.69 34.19 29.01 38.13 133.95 99.57 73.25 108.1 36.02 69.83 125.9 78.38 10.34 72.88 98.86 75.04 113.69 
134.47 113.45 67.21 58.9 14.35 62.83 94.94 80.06 18.89 86.14 68.52 42.87 57.69 0 23.57 83.62 32.96 81.75 55.61 121.42 121.79 59.56 99.71 156.79 131.62 58.51 16.69 41.34 125.43 57.54 
110.94 90.18 46.62 49.71 35.45 59.26 75.88 82.04 41.1 67.84 65.95 61.13 34.19 23.57 0 60.35 19.51 102.9 70.37 101.23 111.66 43.79 83.05 141.12 109.83 35.25 38.85 64.68 104.56 80.49 
54.43 29.84 43.69 62.6 95.69 93.6 38.77 104 101.43 60.05 84.07 119.44 29.01 83.62 60.35 0 56.73 162.33 116.66 72.35 96.1 60.66 53.44 103.72 69.74 25.13 97.25 123.68 71.1 140.83 
110.65 85.62 57.9 30.22 47.22 78.65 62.11 64.46 51.77 80.75 47.19 75.37 38.13 32.96 19.51 56.73 0 114.56 61.67 110.87 92.57 59.92 66.89 124.38 116.46 33.57 42.45 68.56 113.04 89.19 
208.1 191.86 133.27 137.03 67.87 94.02 176.65 142.29 62.86 142.86 139.3 43.38 133.95 81.75 102.9 162.33 114.56 0 98.65 179.01 196.95 117.48 180.71 236.58 194.59 137.62 74.93 56.36 185.18 29.46 
171.07 143.66 116.72 60.65 60.48 117.96 108.54 45.49 58.51 138.19 49.98 80.23 99.57 55.61 70.37 116.66 61.67 98.65 0 171.1 106.04 113.19 105.27 152 177.92 95.08 41.86 43.13 173.88 69.43 
57.16 73.29 54.64 129.32 126.82 86.14 110.06 170.93 132.59 36.74 151.19 137.97 73.25 121.42 101.23 72.35 110.87 179.01 171.1 0 168.14 63.91 125.04 168.11 19.9 80.87 138.08 161.21 7.7 167.84 
133.04 102.13 131.9 63.1 135.6 169.08 58.23 62.23 138.43 153.07 57.99 164.06 108.1 121.79 111.66 96.1 92.57 196.95 106.04 168.14 0 143.08 43.24 49.19 162.6 97.76 122.86 141.77 166.13 168.06 
93.09 84.84 18.35 87.22 63.22 33.44 93.72 124.38 68.88 27.34 106.72 75.08 36.02 59.56 43.79 60.66 59.92 117.48 113.19 63.91 143.08 0 105.81 161.71 77.52 46.06 76.11 97.8 69.11 104.14 
91.55 60.04 92.34 46.03 114.03 135.14 15.01 73.16 118.31 112.11 57.31 142.26 69.83 99.71 83.05 53.44 66.89 180.71 105.27 125.04 43.24 105.81 0 58.14 119.44 59.8 106.36 130.23 122.91 153.93 
120.1 94.98 146.53 99.58 171.12 192.37 68.12 110.28 175.03 163.64 102.19 199.59 125.9 156.79 141.12 103.72 124.38 236.58 152 168.11 49.19 161.71 58.14 0 157.16 116.41 161.67 183.67 164.02 208.79 
40.36 62.68 64.66 130.83 138.68 103.29 104.52 172.66 144.6 51.91 152.7 152.57 78.38 131.62 109.83 69.74 116.46 194.59 177.92 19.9 162.6 77.52 119.44 157.16 0 84.06 148.06 172.44 12.22 181.41 
77.5 54.96 34.39 48.63 70.64 76 48.31 90.07 76.34 56.72 70.41 95.04 10.34 58.51 35.25 25.13 33.57 137.62 95.08 80.87 97.76 46.06 59.8 116.41 84.06 0 72.41 98.8 81.95 115.73 
149.41 126.86 83.79 62.11 18.71 76.43 103.71 73.92 17.89 102.81 66.3 42.97 72.88 16.69 38.85 97.25 42.45 74.93 41.86 138.08 122.86 76.11 106.36 161.67 148.06 72.41 0 26.44 142.04 47.58 
175.57 153.29 107.8 84.67 34.61 90.62 128.84 85.94 29.22 125.06 83.81 40.98 98.86 41.34 64.68 123.68 68.56 56.36 43.13 161.21 141.77 97.8 130.23 183.67 172.44 98.8 26.44 0 165.7 26.91 
50.61 69.04 58.27 129.95 131.5 92.84 107.91 171.73 137.34 42.4 151.87 143.74 75.04 125.43 104.56 71.1 113.04 185.18 173.88 7.7 166.13 69.11 122.91 164.02 12.22 81.95 142.04 165.7 0 173.23 
189.92 170.66 117.53 109.26 45.28 88.11 151.06 112.84 39.43 131.1 110.23 31.61 113.69 57.54 80.49 140.83 89.19 29.46 69.43 167.84 168.06 104.14 153.93 208.79 181.41 115.73 47.58 26.91 173.23 0 
1 0
0 63.36 151.06 231.19 289.66 249.57 155.67 311.44 301.6 149.97 272.34 329.49 153.56 268.93 221.88 108.85 221.3 416.19 342.14 114.31 266.08 186.18 183.1 240.2 80.72 154.99 298.82 351.14 101.22 379.83 
63.36 0 133.15 171.73 250.98 236.52 92.31 249.88 262.48 151.58 211.37 297.56 115.94 226.89 180.35 59.67 171.24 383.71 287.31 146.57 204.25 169.67 120.07 189.95 125.35 109.91 253.71 306.58 138.08 341.31 
151.06 133.15 0 162.12 148.15 103.4 158.41 241.98 160.06 46.34 204.16 180.36 48.42 134.41 93.23 87.37 115.79 266.54 233.44 109.27 263.79 36.69 184.68 293.05 129.32 68.78 167.58 215.6 116.53 235.06 
231.19 171.73 162.12 0 145.88 217.33 95.79 83.7 152.47 208.31 43.86 203.08 115.04 117.8 99.41 125.2 60.43 274.06 121.3 258.63 126.2 174.44 92.06 199.16 261.65 97.26 124.21 169.33 259.89 218.52 
289.66 250.98 148.15 145.88 0 117.29 218.07 181.98 12.02 181.05 162.31 57.24 136.85 28.69 70.89 191.37 94.44 135.74 120.96 253.64 271.2 126.44 228.06 342.23 277.35 141.27 37.42 69.22 263 90.56 
249.57 236.52 103.4 217.33 117.29 0 248.59 280.06 125.02 103.58 250.03 113.06 133.82 125.65 118.52 187.2 157.3 188.04 235.91 172.27 338.15 66.87 270.28 384.73 206.57 152 152.85 181.24 185.68 176.22 
155.67 92.31 158.41 95.79 218.07 248.59 0 163.32 227.61 196.24 127.59 273.09 115.61 189.87 151.75 77.53 124.22 353.29 217.08 220.12 116.46 187.43 30.01 136.24 209.04 96.61 207.42 257.67 215.82 302.12 
311.44 249.88 241.98 83.7 181.98 280.06 163.32 0 183.31 288.29 39.96 233.6 196.69 160.12 164.08 207.99 128.92 284.58 90.97 341.85 124.46 248.75 146.32 220.56 345.31 180.14 147.83 171.87 343.46 225.67 
301.6 262.48 160.06 152.47 12.02 125.02 227.61 183.31 0 192.41 166.04 51.55 148.68 37.78 82.2 202.85 103.53 125.72 117.02 265.18 276.86 137.76 236.62 350.05 289.2 152.68 35.78 58.43 274.68 78.86 
149.97 151.58 46.34 208.31 181.05 103.58 196.24 288.29 192.41 0 250.49 202.71 93.78 172.28 135.68 120.1 161.5 285.72 276.38 73.47 306.14 54.67 224.22 327.27 103.81 113.44 205.61 250.12 84.8 262.2 
272.34 211.37 204.16 43.86 162.31 250.03 127.59 39.96 166.04 250.49 0 217.55 157.96 137.03 131.9 168.13 94.37 278.59 99.95 302.38 115.97 213.44 114.62 204.38 305.39 140.81 132.59 167.61 303.74 220.46 
329.49 297.56 180.36 203.08 57.24 113.06 273.09 233.6 51.55 202.71 217.55 0 181.64 85.73 122.26 238.87 150.74 86.76 160.46 275.93 328.11 150.15 284.51 399.18 305.14 190.07 85.93 81.95 287.47 63.22 
153.56 115.94 48.42 115.04 136.85 133.82 115.61 196.69 148.68 93.78 157.96 181.64 0 115.37 68.37 58.02 76.25 267.9 199.14 146.5 216.19 72.03 139.65 251.79 156.75 20.68 145.75 197.72 150.08 227.38 
268.93 226.89 134.41 117.8 28.69 125.65 189.87 160.12 37.78 172.28 137.03 85.73 115.37 0 47.13 167.24 65.91 163.49 111.21 242.83 243.58 119.11 199.41 313.57 263.24 117.02 33.38 82.68 250.86 115.07 
221.88 180.35 93.23 99.41 70.89 118.52 151.75 164.08 82.2 135.68 131.9 122.26 68.37 47.13 0 120.69 39.01 205.79 140.74 202.46 223.31 87.57 166.09 282.24 219.65 70.49 77.69 129.36 209.11 160.97 
108.85 59.67 87.37 125.2 191.37 187.2 77.53 207.99 202.85 120.1 168.13 238.87 58.02 167.24 120.69 0 113.46 324.65 233.31 144.7 192.2 121.32 106.87 207.44 139.48 50.25 194.5 247.35 142.19 281.65 
221.3 171.24 115.79 60.43 94.44 157.3 124.22 128.92 103.53 161.5 94.37 150.74 76.25 65.91 39.01 113.46 0 229.12 123.34 221.74 185.13 119.84 133.78 248.76 232.92 67.13 84.9 137.12 226.08 178.38 
416.19 383.71 266.54 274.06 135.74 188.04 353.29 284.58 125.72 285.72 278.59 86.76 267.9 163.49 205.79 324.65 229.12 0 197.3 358.02 393.89 234.96 361.41 473.15 389.17 275.24 149.85 112.71 370.36 58.91 
342.14 287.31 233.44 121.3 120.96 235.91 217.08 90.97 117.02 276.38 99.95 160.46 199.14 111.21 140.74 233.31 123.34 197.3 0 342.19 212.07 226.37 210.53 304 355.84 190.15 83.72 86.26 347.76 138.85 
114.31 146.57 109.27 258.63 253.64 172.27 220.12 341.85 265.18 73.47 302.38 275.93 146.5 242.83 202.46 144.7 221.74 358.02 342.19 0 336.28 127.81 250.08 336.21 39.8 161.74 276.16 322.42 15.39 335.67 
266.08 204.25 263.79 126.2 271.2 338.15 116.46 124.46 276.86 306.14 115.97 328.11 216.19 243.58 223.31 192.2 185.13 393.89 212.07 336.28 0 286.15 86.47 98.37 325.2 195.52 245.71 283.53 332.26 336.12 
186.18 169.67 36.69 174.44 126.44 66.87 187.43 248.75 137.76 54.67 213.44 150.15 72.03 119.11 87.57 121.32 119.84 234.96 226.37 127.81 286.15 0 211.62 323.42 155.04 92.11 152.22 195.59 138.21 208.27 
183.1 120.07 184.68 92.06 228.06 270.28 30.01 146.32 236.62 224.22 114.62 284.51 139.65 199.41 166.09 106.87 133.78 361.41 210.53 250.08 86.47 211.62 0 116.27 238.87 119.59 212.72 260.46 245.82 307.86 
240.2 189.95 293.05 199.16 342.23 384.73 136.24 220.56 350.05 327.27 204.38 399.18 251.79 313.57 282.24 207.44 248.76 473.15 304 336.21 98.37 323.42 116.27 0 314.31 232.81 323.33 367.33 328.03 417.57 
80.72 125.35 129.32 261.65 277.35 206.57 209.04 345.31 289.2 103.81 305.39 305.14 156.75 263.24 219.65 139.48 232.92 389.17 355.84 39.8 325.2 155.04 238.87 314.31 0 168.12 296.11 344.88 24.44 362.81 
154.99 109.91 68.78 97.26 141.27 152 96.61 180.14 152.68 113.44 140.81 190.07 20.68 117.02 70.49 50.25 67.13 275.24 190.15 161.74 195.52 92.11 119.59 232.81 168.12 0 144.82 197.59 163.89 231.45 
298.82 253.71 167.58 124.21 37.42 152.85 207.42 147.83 35.78 205.61 132.59 85.93 145.75 33.38 77.69 194.5 84.9 149.85 83.72 276.16 245.71 152.22 212.72 323.33 296.11 144.82 0 52.88 284.08 95.16 
351.14 306.58 215.6 169.33 69.22 181.24 257.67 171.87 58.43 250.12 167.61 81.95 197.72 82.68 129.36 247.35 137.12 112.71 86.26 322.42 283.53 195.59 260.46 367.33 344.88 197.59 52.88 0 331.39 53.81 
101.22 138.08 116.53 259.89 263 185.68 215.82 343.46 274.68 84.8 303.74 287.47 150.08 250.86 209.11 142.19 226.08 370.36 347.76 15.39 332.26 138.21 245.82 328.03 24.44 163.89 284.08 331.39 0 346.46 
379.83 341.31 235.06 218.52 90.56 176.22 302.12 225.67 78.86 262.2 220.46 63.22 227.38 115.07 160.97 281.65 178.38 58.91 138.85 335.67 336.12 208.27 307.86 417.57 362.81 231.45 95.16 53.81 346.46 0 
2 0
0 81.89 195.24 298.81 374.38 322.56 201.19 402.53 389.81 193.83 352 425.86 198.47 347.58 286.77 140.68 286.03 537.91 442.21 147.74 343.91 240.63 236.65 310.45 104.33 200.32 386.22 453.84 130.82 490.92 
81.89 0 172.09 221.96 324.38 305.69 119.31 322.96 339.25 195.91 273.19 384.59 149.84 293.24 233.1 77.12 221.32 495.93 371.34 189.44 263.99 219.3 155.18 245.51 162.02 142.05 327.91 396.25 178.47 441.13 
195.24 172.09 0 209.53 191.48 133.64 204.74 312.76 206.87 59.89 263.88 233.1 62.58 173.73 120.49 112.92 149.66 344.5 301.72 141.23 340.94 47.42 238.69 378.77 167.14 88.89 216.59 278.66 150.61 303.8 
298.81 221.96 209.53 0 188.55 280.9 123.81 108.18 197.06 269.23 56.69 262.47 148.68 152.25 128.48 161.81 78.1 354.22 156.77 334.27 163.11 225.46 118.99 257.41 338.17 125.7 160.54 218.86 335.9 282.43 
374.38 324.38 191.48 188.55 0 151.59 281.85 235.2 15.54 234 209.78 73.98 176.88 37.08 91.62 247.34 122.06 175.43 156.33 327.83 350.52 163.42 294.76 442.32 358.47 182.59 48.36 89.47 339.92 117.04 
322.56 305.69 133.64 280.9 151.59 0 321.3 361.97 161.59 133.87 323.15 146.13 172.96 162.4 153.18 241.95 203.31 243.04 304.91 222.65 437.05 86.43 349.33 497.25 266.99 196.46 197.55 234.24 239.98 227.76 
201.19 119.31 204.74 123.81 281.85 321.3 0 211.09 294.18 253.64 164.91 352.97 149.42 245.4 196.14 100.21 160.55 456.63 280.57 284.5 150.53 242.24 38.79 176.09 270.18 124.86 268.09 333.03 278.94 390.48 
402.53 322.96 312.76 108.18 235.2 361.97 211.09 0 236.92 372.61 51.64 301.93 254.22 206.95 212.07 268.82 166.63 367.81 117.58 441.84 160.86 321.51 189.11 285.06 446.31 232.82 191.06 222.14 443.91 291.68 
389.81 339.25 206.87 197.06 15.54 161.59 294.18 236.92 0 248.68 214.6 66.62 192.16 48.82 106.24 262.17 133.8 162.49 151.25 342.74 357.84 178.05 305.82 452.43 373.79 197.33 46.25 75.52 355.02 101.93 
193.83 195.91 59.89 269.23 234 133.87 253.64 372.61 248.68 0 323.75 262 121.21 222.67 175.36 155.22 208.73 369.28 357.22 94.96 395.67 70.65 289.8 422.99 134.17 146.62 265.75 323.28 109.6 338.89 
352 273.19 263.88 56.69 209.78 323.15 164.91 51.64 214.6 323.75 0 281.18 204.16 177.11 170.47 217.3 121.97 360.07 129.18 390.82 149.89 275.86 148.14 264.16 394.7 181.99 171.36 216.63 392.58 284.94 
425.86 384.59 233.1 262.47 73.98 146.13 352.97 301.93 66.62 262 281.18 0 234.76 110.8 158.02 308.73 194.83 112.13 207.38 356.64 424.07 194.07 367.72 515.93 394.38 245.66 111.06 105.91 371.55 81.71 
198.47 149.84 62.58 148.68 176.88 172.96 149.42 254.22 192.16 121.21 204.16 234.76 0 149.12 88.37 74.99 98.55 346.26 257.38 189.34 279.43 93.09 180.49 325.44 202.6 26.73 188.38 255.55 193.98 293.88 
347.58 293.24 173.73 152.25 37.08 162.4 245.4 206.95 48.82 222.67 177.11 110.8 149.12 0 60.91 216.16 85.19 211.3 143.74 313.85 314.82 153.94 257.73 405.28 340.23 151.25 43.14 106.87 324.24 148.72 
286.77 233.1 120.49 128.48 91.62 153.18 196.14 212.07 106.24 175.36 170.47 158.02 88.37 60.91 0 155.99 50.41 265.98 181.9 261.68 288.62 113.18 214.67 364.79 283.9 91.1 100.41 167.19 270.27 208.04 
140.68 77.12 112.92 161.81 247.34 241.95 100.21 268.82 262.17 155.22 217.3 308.73 74.99 216.16 155.99 0 146.65 419.61 301.54 187.02 248.41 156.8 138.12 268.12 180.27 64.94 251.38 319.69 183.78 364.03 
286.03 221.32 149.66 78.1 122.06 203.31 160.55 166.63 133.8 208.73 121.97 194.83 98.55 85.19 50.41 146.65 0 296.14 159.42 286.6 239.27 154.89 172.91 321.51 301.05 86.77 109.73 177.22 292.21 230.55 
537.91 495.93 344.5 354.22 175.43 243.04 456.63 367.81 162.49 369.28 360.07 112.13 346.26 211.3 265.98 419.61 296.14 0 255.01 462.73 509.09 303.68 467.12 611.53 503 355.74 193.68 145.68 478.69 76.14 
442.21 371.34 301.72 156.77 156.33 304.91 280.57 117.58 151.25 357.22 129.18 207.38 257.38 143.74 181.9 301.54 159.42 255.01 0 442.27 274.09 292.57 272.11 392.92 459.92 245.77 108.21 111.49 449.47 179.47 
147.74 189.44 141.23 334.27 327.83 222.65 284.5 441.84 342.74 94.96 390.82 356.64 189.34 313.85 261.68 187.02 286.6 462.73 442.27 0 434.63 165.19 323.22 434.54 51.43 209.04 356.94 416.73 19.89 433.84 
343.91 263.99 340.94 163.11 350.52 437.05 150.53 160.86 357.84 395.67 149.89 424.07 279.43 314.82 288.62 248.41 239.27 509.09 274.09 434.63 0 369.84 111.76 127.14 420.31 252.7 317.57 366.45 429.44 434.43 
240.63 219.3 47.42 225.46 163.42 86.43 242.24 321.51 178.05 70.65 275.86 194.07 93.09 153.94 113.18 156.8 154.89 303.68 292.57 165.19 369.84 0 273.51 418.01 200.38 119.05 196.74 252.79 178.63 269.18 
236.65 155.18 238.69 118.99 294.76 349.33 38.79 189.11 305.82 289.8 148.14 367.72 180.49 257.73 214.67 138.12 172.91 467.12 272.11 323.22 111.76 273.51 0 150.27 308.73 154.57 274.93 336.64 317.72 397.9 
310.45 245.51 378.77 257.41 442.32 497.25 176.09 285.06 452.43 422.99 264.16 515.93 325.44 405.28 364.79 268.12 321.51 611.53 392.92 434.54 127.14 418.01 150.27 0 406.23 300.9 417.9 474.77 423.97 539.7 
104.33 162.02 167.14 338.17 358.47 266.99 270.18 446.31 373.79 134.17 394.7 394.38 202.6 340.23 283.9 180.27 301.05 503 459.92 51.43 420.31 200.38 308.73 406.23 0 217.29 382.71 445.75 31.59 468.92 
200.32 142.05 88.89 125.7 182.59 196.46 124.86 232.82 197.33 146.62 181.99 245.66 26.73 151.25 91.1 64.94 86.77 355.74 245.77 209.04 252.7 119.05 154.57 300.9 217.29 0 187.18 255.38 211.83 299.14 
386.22 327.91 216.59 160.54 48.36 197.55 268.09 191.06 46.25 265.75 171.36 111.06 188.38 43.14 100.41 251.38 109.73 193.68 108.21 356.94 317.57 196.74 274.93 417.9 382.71 187.18 0 68.34 367.17 122.99 
453.84 396.25 278.66 218.86 89.47 234.24 333.03 222.14 75.52 323.28 216.63 105.91 255.55 106.87 167.19 319.69 177.22 145.68 111.49 416.73 366.45 252.79 336.64 474.77 445.75 255.38 68.34 0 428.31 69.55 
130.82 178.47 150.61 335.9 339.92 239.98 278.94 443.91 355.02 109.6 392.58 371.55 193.98 324.24 270.27 183.78 292.21 478.69 449.47 19.89 429.44 178.63 317.72 423.97 31.59 211.83 367.17 428.31 0 447.79 
490.92 441.13 303.8 282.43 117.04 227.76 390.48 291.68 101.93 338.89 284.94 81.71 293.88 148.72 208.04 364.03 230.55 76.14 179.47 433.84 434.43 269.18 397.9 539.7 468.92 299.14 122.99 69.55 447.79 0 

47 26 71 0 38 69 12 0 0 67 99 0 35 94 3 11 22 33 73 64 0 41 11 53 68 47 44 62 57 37 

0 0
0 0 0 13 0 0 0 10 13 0 0 11 0 0 0 0 0 0 0 0 9 0 0 0 0 0 0 0 0 0 
1 0
0 0 0 9 0 0 0 11 10 0 0 14 0 0 0 0 0 0 0 0 19 0 0 0 0 0 0 0 0 0 
2 0
0 0 0 11 0 0 0 11 13 0 0 15 0 0 0 0 0 0 0 0 14 0 0 0 0 0 0 0 0 0 
